2018/10/05 00:00 0.4 0.3 70.8 15.1 0.2 0.0 1015.6 15.4 15.3 325.1 372.4 
2018/10/05 00:01 0.4 0.3 69.8 15.1 0.4 0.0 1015.6 15.4 15.3 325.6 372.3 
2018/10/05 00:02 0.4 0.3 69.2 15.2 0.4 0.0 1015.6 15.4 15.3 325.2 372.3 
2018/10/05 00:03 0.4 0.3 68.9 15.3 0.3 0.0 1015.6 15.4 15.4 324.7 372.4 
2018/10/05 00:04 0.4 0.3 68.5 15.3 0.3 0.0 1015.6 15.4 15.4 324.8 373.0 
2018/10/05 00:05 0.4 0.3 68.3 15.3 0.2 0.0 1015.6 15.4 15.4 324.4 373.3 
2018/10/05 00:06 0.4 0.3 68.2 15.4 0.2 0.0 1015.6 15.4 15.4 324.6 373.9 
2018/10/05 00:07 0.4 0.3 67.9 15.4 0.1 0.0 1015.6 15.4 15.4 324.1 374.0 
2018/10/05 00:08 0.4 0.3 68.2 15.4 0.0 0.0 1015.6 15.4 15.4 323.7 372.8 
2018/10/05 00:09 0.4 0.3 69.1 15.4 0.0 0.0 1015.6 15.4 15.3 323.3 370.9 
2018/10/05 00:10 0.4 0.3 69.6 15.3 0.0 0.0 1015.6 15.4 15.3 323.3 370.0 
2018/10/05 00:11 0.4 0.3 69.9 15.3 0.0 0.0 1015.6 15.3 15.3 322.7 369.4 
2018/10/05 00:12 0.4 0.3 70.0 15.3 0.0 0.0 1015.6 15.3 15.2 322.8 368.2 
2018/10/05 00:13 0.4 0.3 70.3 15.2 0.0 0.0 1015.6 15.2 15.2 322.2 367.6 
2018/10/05 00:14 0.4 0.3 70.4 15.2 0.0 0.0 1015.6 15.2 15.1 322.6 366.5 
2018/10/05 00:15 0.4 0.3 70.6 15.1 0.0 0.0 1015.6 15.1 15.1 322.3 365.9 
2018/10/05 00:16 0.4 0.3 70.8 15.1 0.0 0.0 1015.6 15.1 15.0 322.7 364.9 
2018/10/05 00:17 0.7 0.3 71.0 15.1 0.1 0.0 1015.6 15.1 15.0 323.4 365.3 
2018/10/05 00:18 0.7 0.3 70.4 15.3 0.1 0.0 1015.6 15.1 15.0 323.4 366.3 
2018/10/05 00:19 0.7 0.3 69.0 15.5 0.2 0.0 1015.6 15.1 15.1 323.0 367.1 
2018/10/05 00:20 0.7 0.3 68.0 15.7 0.3 0.0 1015.6 15.1 15.1 322.7 367.3 
2018/10/05 00:21 0.7 0.3 67.7 15.7 0.2 0.0 1015.6 15.2 15.1 323.0 367.3 
2018/10/05 00:22 0.7 0.3 68.0 15.7 0.1 0.0 1015.6 15.1 15.1 322.4 366.5 
2018/10/05 00:23 0.7 0.3 68.9 15.6 0.1 0.0 1015.6 15.1 15.1 322.3 365.7 
2018/10/05 00:24 0.7 0.3 69.6 15.4 0.2 0.0 1015.6 15.1 15.0 322.6 365.1 
2018/10/05 00:25 0.4 0.3 69.9 15.2 0.1 0.0 1015.6 15.0 15.0 321.6 364.8 
2018/10/05 00:26 0.4 0.3 70.2 15.1 0.0 0.0 1015.6 15.0 14.9 321.5 364.0 
2018/10/05 00:27 0.4 0.3 70.7 15.1 0.0 0.0 1015.6 14.9 14.9 321.4 363.9 
2018/10/05 00:28 0.4 0.3 71.4 15.0 0.1 0.0 1015.6 14.9 14.8 321.5 363.3 
2018/10/05 00:29 0.4 0.3 71.9 14.9 0.0 0.0 1015.6 14.8 14.8 320.8 363.3 
2018/10/05 00:30 0.4 0.3 72.5 14.8 0.0 0.0 1015.6 14.8 14.7 321.0 362.7 
2018/10/05 00:31 0.4 0.3 73.4 14.7 0.0 0.0 1015.6 14.7 14.7 320.7 362.4 
2018/10/05 00:32 0.4 0.3 74.7 14.7 0.0 0.0 1015.6 14.7 14.6 321.0 361.5 
2018/10/05 00:33 0.4 0.3 75.4 14.6 0.0 0.0 1015.6 14.6 14.6 320.8 361.9 
2018/10/05 00:34 0.4 0.3 75.9 14.5 0.0 0.0 1015.6 14.6 14.5 321.0 361.7 
2018/10/05 00:35 0.4 0.3 76.5 14.5 0.1 0.0 1015.6 14.6 14.5 321.0 362.4 
2018/10/05 00:36 0.4 0.3 76.6 14.4 0.2 0.0 1015.6 14.5 14.5 320.6 362.8 
2018/10/05 00:37 0.7 0.3 76.2 14.3 0.1 0.0 1015.6 14.5 14.4 320.6 362.3 
2018/10/05 00:38 0.7 0.3 76.5 14.3 0.0 0.0 1015.6 14.5 14.4 320.8 362.1 
2018/10/05 00:39 0.7 0.3 76.5 14.2 0.1 0.0 1015.6 14.4 14.4 320.6 362.1 
2018/10/05 00:40 0.7 0.3 76.6 14.2 0.1 0.0 1015.6 14.4 14.3 320.7 361.3 
2018/10/05 00:41 0.7 0.3 76.7 14.1 0.1 0.0 1015.6 14.3 14.3 320.5 361.0 
2018/10/05 00:42 0.7 0.3 76.9 14.1 0.1 0.0 1015.6 14.3 14.2 320.6 360.4 
2018/10/05 00:43 0.4 0.2 77.2 14.0 0.2 0.0 1015.6 14.2 14.2 320.1 360.8 
2018/10/05 00:44 0.4 0.2 77.2 14.0 0.1 0.0 1015.6 14.2 14.2 320.4 362.0 
2018/10/05 00:45 0.4 0.2 76.9 14.1 0.1 0.0 1015.6 14.2 14.2 320.3 362.5 
2018/10/05 00:46 0.4 0.3 76.6 14.1 0.2 0.0 1015.6 14.2 14.1 320.3 362.6 
2018/10/05 00:47 0.4 0.3 76.4 14.1 0.1 0.0 1015.6 14.2 14.1 320.5 362.9 
2018/10/05 00:48 0.4 0.3 76.5 14.1 0.2 0.0 1015.6 14.1 14.1 320.0 362.5 
2018/10/05 00:49 0.4 0.3 76.4 14.0 0.3 0.0 1015.6 14.1 14.1 320.0 362.5 
2018/10/05 00:50 0.4 0.3 76.7 14.0 0.2 0.0 1015.6 14.1 14.0 319.7 362.9 
2018/10/05 00:51 0.4 0.3 76.9 13.9 0.3 0.0 1015.6 14.1 14.0 319.5 363.8 
2018/10/05 00:52 0.4 0.3 77.6 13.8 0.6 0.0 1015.6 14.1 14.0 319.5 365.1 
2018/10/05 00:53 0.4 0.3 78.5 13.8 0.6 0.0 1015.6 14.1 14.0 319.2 366.4 
2018/10/05 00:54 0.7 0.3 79.2 13.7 0.4 0.0 1015.6 14.1 14.0 318.9 367.1 
2018/10/05 00:55 0.7 0.3 79.4 13.6 0.6 0.0 1015.6 14.0 14.0 318.1 367.9 
2018/10/05 00:56 0.7 0.3 79.1 13.5 0.5 0.0 1015.6 14.0 14.0 318.0 368.8 
2018/10/05 00:57 0.7 0.3 79.0 13.5 0.6 0.0 1015.6 14.0 14.0 318.0 369.2 
2018/10/05 00:58 0.7 0.3 78.9 13.4 0.7 0.0 1015.6 14.0 13.9 318.1 368.7 
2018/10/05 00:59 0.4 0.2 78.7 13.3 0.8 0.0 1015.6 14.0 13.9 317.9 368.8 
2018/10/05 01:00 0.4 0.2 78.7 13.2 0.9 0.0 1015.6 13.9 13.9 317.4 369.3 
2018/10/05 01:01 0.4 0.2 79.0 13.1 0.9 0.0 1015.6 13.9 13.9 317.6 369.5 
2018/10/05 01:02 0.4 0.3 79.3 13.1 0.7 0.0 1015.6 13.9 13.8 317.7 368.8 
2018/10/05 01:03 0.4 0.3 79.6 13.0 0.7 0.0 1015.6 13.9 13.8 318.0 368.7 
2018/10/05 01:04 0.4 0.3 79.8 13.0 0.5 0.0 1015.6 13.8 13.8 317.8 368.5 
2018/10/05 01:05 0.4 0.3 80.2 12.9 0.7 0.0 1015.6 13.8 13.8 318.0 368.6 
2018/10/05 01:06 0.4 0.3 80.3 12.9 0.7 0.0 1015.6 13.8 13.7 317.9 368.0 
2018/10/05 01:07 0.4 0.3 80.5 12.9 0.6 0.0 1015.6 13.8 13.7 317.9 368.3 
2018/10/05 01:08 0.4 0.3 80.6 12.8 0.5 0.0 1015.6 13.7 13.7 317.6 368.5 
2018/10/05 01:09 0.4 0.3 80.7 12.8 0.5 0.0 1015.6 13.7 13.6 317.6 368.1 
2018/10/05 01:10 0.4 0.3 80.9 12.8 0.6 0.0 1015.6 13.7 13.6 317.5 368.4 
2018/10/05 01:11 0.7 0.3 81.1 12.7 0.6 0.0 1015.6 13.6 13.6 317.0 368.7 
2018/10/05 01:12 0.7 0.3 81.2 12.7 1.1 0.0 1015.6 13.6 13.6 316.9 369.2 
2018/10/05 01:13 0.4 0.3 81.2 12.7 0.8 0.0 1015.6 13.6 13.5 316.6 368.8 
2018/10/05 01:14 0.4 0.2 81.2 12.6 0.9 0.0 1015.6 13.6 13.5 316.3 368.8 
2018/10/05 01:15 0.4 0.2 81.3 12.5 0.8 0.0 1015.6 13.5 13.5 315.5 368.7 
2018/10/05 01:16 0.4 0.2 81.3 12.5 0.9 0.0 1015.6 13.5 13.5 315.4 368.8 
2018/10/05 01:17 0.4 0.3 81.2 12.5 0.9 0.0 1015.6 13.5 13.4 315.6 368.5 
2018/10/05 01:18 0.4 0.3 81.4 12.4 0.9 0.0 1015.6 13.5 13.4 315.8 368.6 
2018/10/05 01:19 0.4 0.3 81.6 12.4 0.7 0.0 1015.6 13.4 13.4 315.4 368.8 
2018/10/05 01:20 0.4 0.3 81.8 12.4 0.9 0.0 1015.6 13.4 13.4 315.4 368.9 
2018/10/05 01:21 0.4 0.3 81.9 12.3 0.7 0.0 1015.9 13.4 13.3 315.5 368.2 
2018/10/05 01:22 0.4 0.3 82.0 12.3 0.8 0.0 1015.9 13.4 13.3 315.7 368.3 
2018/10/05 01:23 0.4 0.3 82.0 12.3 0.8 0.0 1015.9 13.3 13.3 315.2 368.6 
2018/10/05 01:24 0.4 0.3 82.0 12.3 1.0 0.0 1015.9 13.3 13.3 315.0 368.9 
2018/10/05 01:25 0.7 0.3 82.0 12.3 0.7 0.0 1015.9 13.3 13.2 315.1 368.4 
2018/10/05 01:26 0.7 0.3 82.2 12.3 0.7 0.0 1015.9 13.3 13.2 315.2 368.4 
2018/10/05 01:27 0.7 0.3 82.3 12.3 0.7 0.0 1015.9 13.3 13.2 315.3 368.3 
2018/10/05 01:28 0.7 0.3 82.2 12.3 0.4 0.0 1015.9 13.2 13.2 315.0 368.0 
2018/10/05 01:29 0.7 0.3 82.4 12.3 0.6 0.0 1015.9 13.2 13.2 315.2 367.7 
2018/10/05 01:30 0.4 0.2 82.5 12.2 0.6 0.0 1015.9 13.2 13.1 315.4 366.9 
2018/10/05 01:31 0.4 0.2 82.8 12.2 0.8 0.0 1015.9 13.2 13.1 315.4 367.0 
2018/10/05 01:32 0.4 0.2 82.8 12.2 0.7 0.0 1015.9 13.1 13.1 314.8 367.1 
2018/10/05 01:33 0.4 0.2 83.0 12.2 1.0 0.0 1015.9 13.1 13.1 314.9 367.6 
2018/10/05 01:34 0.4 0.3 82.9 12.2 0.8 0.0 1015.9 13.1 13.1 314.8 367.7 
2018/10/05 01:35 0.4 0.3 82.8 12.2 0.5 0.0 1015.9 13.1 13.1 314.8 367.6 
2018/10/05 01:36 0.4 0.3 82.8 12.2 0.6 0.0 1015.9 13.1 13.0 315.0 366.9 
2018/10/05 01:37 0.4 0.3 82.8 12.2 0.7 0.0 1015.9 13.1 13.0 314.9 367.0 
2018/10/05 01:38 0.4 0.3 82.7 12.2 0.5 0.0 1015.9 13.1 13.0 314.8 366.7 
2018/10/05 01:39 0.7 0.3 82.7 12.2 0.6 0.0 1015.9 13.1 13.0 314.8 366.5 
2018/10/05 01:40 0.7 0.3 82.7 12.2 0.4 0.0 1016.2 13.0 13.0 314.4 366.2 
2018/10/05 01:41 0.7 0.3 82.6 12.2 0.6 0.0 1016.2 13.0 13.0 314.6 365.9 
2018/10/05 01:42 0.7 0.3 82.5 12.2 0.4 0.0 1016.2 13.0 13.0 314.6 366.0 
2018/10/05 01:43 0.4 0.2 82.3 12.1 0.5 0.0 1016.2 13.0 12.9 314.4 365.2 
2018/10/05 01:44 0.4 0.2 82.0 12.1 0.8 0.0 1016.2 12.9 12.9 314.0 365.5 
2018/10/05 01:45 0.4 0.2 82.0 12.1 0.5 0.0 1016.2 12.9 12.9 314.0 365.5 
2018/10/05 01:46 0.4 0.2 81.9 12.0 0.4 0.0 1016.2 12.9 12.8 314.2 364.8 
2018/10/05 01:47 0.4 0.2 81.8 12.0 0.4 0.0 1016.2 12.9 12.8 314.4 364.8 
2018/10/05 01:48 0.4 0.2 82.0 12.0 0.4 0.0 1016.2 12.9 12.8 314.6 364.8 
2018/10/05 01:49 0.4 0.3 81.9 12.0 0.5 0.0 1016.2 12.8 12.8 314.1 364.9 
2018/10/05 01:50 0.4 0.3 82.0 12.0 0.3 0.0 1016.2 12.8 12.8 314.1 364.4 
2018/10/05 01:51 0.4 0.3 82.1 12.0 0.6 0.0 1016.2 12.8 12.7 314.3 364.2 
2018/10/05 01:52 0.4 0.3 82.2 12.0 0.6 0.0 1016.2 12.8 12.7 314.5 364.6 
2018/10/05 01:53 0.4 0.3 82.3 12.0 0.4 0.0 1016.2 12.8 12.7 314.5 364.5 
2018/10/05 01:54 0.7 0.3 82.3 12.0 0.5 0.0 1016.2 12.7 12.7 314.1 364.4 
2018/10/05 01:55 0.7 0.3 82.4 12.0 0.3 0.0 1016.2 12.7 12.7 314.2 363.9 
2018/10/05 01:56 0.7 0.3 82.3 12.0 0.5 0.0 1016.2 12.7 12.7 314.4 363.8 
2018/10/05 01:57 0.7 0.3 82.3 12.0 0.5 0.0 1016.2 12.7 12.6 314.6 363.4 
2018/10/05 01:58 0.7 0.3 82.1 12.0 0.4 0.0 1016.2 12.7 12.6 314.5 363.5 
2018/10/05 01:59 0.4 0.2 82.5 12.0 0.6 0.0 1016.2 12.7 12.6 314.4 363.8 
2018/10/05 02:00 0.4 0.2 82.6 11.9 0.4 0.0 1016.2 12.6 12.6 313.6 363.9 
2018/10/05 02:01 0.4 0.2 83.0 11.9 0.5 0.0 1016.2 12.6 12.6 313.7 364.3 
2018/10/05 02:02 0.4 0.2 83.3 12.0 0.7 0.0 1016.2 12.6 12.6 313.8 364.3 
2018/10/05 02:03 0.4 0.3 83.4 11.9 0.7 0.0 1016.2 12.6 12.6 314.1 364.5 
2018/10/05 02:04 0.4 0.3 83.6 11.9 0.8 0.0 1016.2 12.6 12.6 314.0 364.7 
2018/10/05 02:05 0.4 0.3 83.8 11.9 0.7 0.0 1016.2 12.6 12.6 313.8 365.1 
2018/10/05 02:06 0.4 0.3 83.9 11.9 0.5 0.0 1016.2 12.6 12.6 313.9 365.2 
2018/10/05 02:07 0.4 0.3 84.1 11.9 0.6 0.0 1016.2 12.6 12.6 314.1 365.3 
2018/10/05 02:08 0.4 0.3 84.2 11.9 0.8 0.0 1016.2 12.6 12.6 314.2 365.6 
2018/10/05 02:09 0.4 0.3 84.2 11.9 0.8 0.0 1016.2 12.6 12.6 314.1 365.9 
2018/10/05 02:10 0.4 0.3 84.3 11.9 0.8 0.0 1016.2 12.6 12.6 314.3 365.9 
2018/10/05 02:11 0.4 0.3 84.2 11.9 0.7 0.0 1016.2 12.6 12.6 314.4 365.8 
2018/10/05 02:12 0.4 0.3 84.2 11.9 0.8 0.0 1016.2 12.6 12.6 314.6 365.8 
2018/10/05 02:13 0.4 0.3 84.0 11.9 0.7 0.0 1016.2 12.6 12.6 314.9 366.0 
2018/10/05 02:14 0.4 0.3 83.8 11.9 0.9 0.0 1016.2 12.6 12.6 315.1 366.2 
2018/10/05 02:15 0.4 0.3 83.2 12.0 0.5 0.0 1016.2 12.7 12.6 315.9 365.8 
2018/10/05 02:16 0.4 0.3 82.4 12.1 0.4 0.0 1016.2 12.7 12.6 315.7 365.2 
2018/10/05 02:17 0.4 0.3 82.0 12.1 0.3 0.0 1016.2 12.7 12.6 315.8 364.6 
2018/10/05 02:18 0.4 0.3 81.6 12.2 0.0 0.0 1016.2 12.7 12.6 315.7 363.9 
2018/10/05 02:19 0.4 0.2 81.5 12.1 0.0 0.0 1016.2 12.6 12.6 314.7 363.4 
2018/10/05 02:20 0.4 0.2 81.8 12.1 0.4 0.0 1016.2 12.6 12.6 314.9 363.1 
2018/10/05 02:21 0.4 0.2 81.9 12.1 0.4 0.0 1016.2 12.6 12.6 315.1 362.9 
2018/10/05 02:22 0.4 0.2 81.9 12.1 0.2 0.0 1016.2 12.6 12.5 315.2 362.0 
2018/10/05 02:23 0.4 0.2 82.0 12.1 0.3 0.0 1016.2 12.6 12.5 315.4 361.9 
2018/10/05 02:24 0.4 0.2 82.1 12.0 0.2 0.0 1016.2 12.6 12.5 315.8 362.0 
2018/10/05 02:25 0.4 0.2 82.2 12.1 0.2 0.0 1016.2 12.5 12.5 315.5 362.0 
2018/10/05 02:26 0.4 0.2 82.1 12.1 0.0 0.0 1016.2 12.5 12.5 315.8 361.6 
2018/10/05 02:27 0.4 0.2 82.2 12.1 0.0 0.0 1016.2 12.5 12.5 316.3 361.3 
2018/10/05 02:28 0.4 0.2 82.1 12.1 0.0 0.0 1016.2 12.5 12.4 316.5 360.2 
2018/10/05 02:29 0.4 0.2 81.9 12.1 0.0 0.0 1016.2 12.5 12.4 316.6 359.3 
2018/10/05 02:30 0.4 0.3 82.0 12.1 0.0 0.0 1016.2 12.4 12.4 316.2 358.5 
2018/10/05 02:31 0.4 0.3 82.0 12.1 0.0 0.0 1016.2 12.4 12.4 316.1 357.8 
2018/10/05 02:32 0.4 0.3 82.1 12.2 0.0 0.0 1016.2 12.4 12.4 316.1 357.7 
2018/10/05 02:33 0.4 0.3 81.9 12.2 0.0 0.0 1016.2 12.4 12.3 315.8 356.9 
2018/10/05 02:34 0.4 0.3 82.2 12.2 0.2 0.0 1016.2 12.4 12.3 315.8 357.4 
2018/10/05 02:35 0.4 0.3 82.5 12.2 0.2 0.0 1016.2 12.4 12.4 315.8 358.7 
2018/10/05 02:36 0.4 0.3 82.6 12.2 0.2 0.0 1016.2 12.4 12.4 315.6 358.7 
2018/10/05 02:37 0.4 0.3 82.6 12.2 0.1 0.0 1016.2 12.4 12.4 315.8 358.6 
2018/10/05 02:38 0.4 0.3 82.5 12.2 0.0 0.0 1016.2 12.4 12.3 315.9 357.8 
2018/10/05 02:39 0.4 0.3 82.4 12.2 0.0 0.0 1016.2 12.4 12.3 316.0 357.3 
2018/10/05 02:40 0.4 0.3 82.2 12.2 0.1 0.0 1016.2 12.3 12.3 315.5 357.2 
2018/10/05 02:41 0.4 0.3 81.9 12.2 0.2 0.0 1016.2 12.3 12.3 315.6 357.4 
2018/10/05 02:42 0.4 0.3 81.7 12.2 0.1 0.0 1016.2 12.3 12.3 315.8 357.0 
2018/10/05 02:43 0.4 0.3 81.7 12.3 0.1 0.0 1016.2 12.3 12.3 316.1 357.1 
2018/10/05 02:44 0.4 0.3 81.5 12.3 0.1 0.0 1016.2 12.3 12.3 316.4 357.0 
2018/10/05 02:45 0.4 0.3 81.1 12.4 0.0 0.0 1016.2 12.3 12.3 316.1 356.7 
2018/10/05 02:46 0.4 0.3 80.5 12.4 0.0 0.0 1016.2 12.3 12.3 316.0 356.5 
2018/10/05 02:47 0.4 0.3 80.3 12.4 0.0 0.0 1016.2 12.3 12.2 315.9 355.7 
2018/10/05 02:48 0.4 0.3 80.3 12.4 0.0 0.0 1016.2 12.3 12.2 316.2 355.3 
2018/10/05 02:49 0.4 0.3 80.4 12.4 0.0 0.0 1016.2 12.2 12.2 315.9 354.9 
2018/10/05 02:50 0.4 0.3 80.6 12.3 0.0 0.0 1016.2 12.2 12.1 316.2 354.3 
2018/10/05 02:51 0.4 0.2 80.7 12.3 0.0 0.0 1016.2 12.2 12.1 316.1 353.8 
2018/10/05 02:52 0.4 0.2 80.9 12.3 0.1 0.0 1016.2 12.1 12.1 315.6 354.1 
2018/10/05 02:53 0.4 0.2 81.2 12.3 0.2 0.0 1016.2 12.1 12.1 315.5 355.3 
2018/10/05 02:54 0.4 0.2 81.3 12.3 0.4 0.0 1016.2 12.1 12.1 315.5 357.1 
2018/10/05 02:55 0.4 0.2 81.5 12.3 0.4 0.0 1016.2 12.2 12.1 315.9 358.9 
2018/10/05 02:56 0.4 0.2 81.4 12.3 0.4 0.0 1016.2 12.2 12.1 315.7 359.6 
2018/10/05 02:57 0.4 0.2 81.7 12.3 0.4 0.0 1016.2 12.2 12.1 315.6 360.2 
2018/10/05 02:58 0.4 0.2 81.8 12.3 0.5 0.0 1016.2 12.2 12.2 315.4 361.7 
2018/10/05 02:59 0.4 0.2 81.8 12.2 0.4 0.0 1016.2 12.2 12.2 315.2 361.6 
2018/10/05 03:00 0.4 0.2 81.9 12.2 0.2 0.0 1015.9 12.2 12.2 314.9 360.6 
2018/10/05 03:01 0.4 0.2 82.2 12.1 0.2 0.0 1015.9 12.2 12.2 314.9 359.9 
2018/10/05 03:02 0.4 0.2 82.6 12.1 0.3 0.0 1015.9 12.2 12.2 314.7 360.1 
2018/10/05 03:03 0.4 0.2 82.9 12.0 0.5 0.0 1015.9 12.2 12.2 314.5 360.4 
2018/10/05 03:04 0.4 0.2 83.2 12.0 0.3 0.0 1015.9 12.2 12.2 314.4 360.4 
2018/10/05 03:05 0.4 0.2 83.2 11.9 0.4 0.0 1015.9 12.2 12.2 314.5 360.9 
2018/10/05 03:06 0.4 0.2 83.2 11.9 0.6 0.0 1015.9 12.2 12.2 314.6 361.1 
2018/10/05 03:07 0.4 0.2 83.2 11.8 0.5 0.0 1015.9 12.2 12.2 314.7 361.6 
2018/10/05 03:08 0.4 0.2 83.2 11.8 0.4 0.0 1015.9 12.2 12.2 314.8 361.6 
2018/10/05 03:09 0.4 0.2 83.0 11.8 0.1 0.0 1015.9 12.2 12.2 315.0 361.4 
2018/10/05 03:10 0.4 0.2 83.3 11.8 0.3 0.0 1015.9 12.2 12.1 315.2 360.9 
2018/10/05 03:11 0.4 0.2 83.3 11.7 0.2 0.0 1015.9 12.2 12.1 315.3 360.6 
2018/10/05 03:12 0.4 0.2 83.2 11.7 0.2 0.0 1015.9 12.2 12.1 315.4 360.3 
2018/10/05 03:13 0.4 0.2 83.4 11.7 0.3 0.0 1015.9 12.1 12.1 315.0 360.3 
2018/10/05 03:14 0.4 0.3 83.5 11.7 0.2 0.0 1015.9 12.1 12.1 315.0 360.0 
2018/10/05 03:15 0.4 0.3 83.4 11.6 0.6 0.0 1015.9 12.1 12.1 315.1 359.9 
2018/10/05 03:16 0.4 0.3 83.5 11.6 1.0 0.0 1015.9 12.1 12.1 315.1 361.0 
2018/10/05 03:17 0.4 0.3 83.4 11.6 1.0 0.0 1015.9 12.1 12.1 315.0 362.5 
2018/10/05 03:18 0.4 0.3 83.2 11.6 1.0 0.0 1015.9 12.2 12.1 315.4 363.6 
2018/10/05 03:19 0.4 0.3 83.2 11.6 1.1 0.0 1015.9 12.2 12.2 315.4 365.2 
2018/10/05 03:20 0.4 0.3 83.1 11.6 0.8 0.0 1015.9 12.2 12.2 315.4 365.8 
2018/10/05 03:21 0.4 0.3 83.1 11.6 0.9 0.0 1015.9 12.2 12.2 315.5 366.2 
2018/10/05 03:22 0.4 0.3 83.0 11.6 0.6 0.0 1015.9 12.3 12.2 315.8 366.4 
2018/10/05 03:23 0.4 0.3 82.9 11.6 0.6 0.0 1015.6 12.3 12.2 315.9 366.5 
2018/10/05 03:24 0.4 0.3 82.9 11.6 0.6 0.0 1015.6 12.3 12.2 315.8 366.2 
2018/10/05 03:25 0.4 0.3 83.0 11.6 0.6 0.0 1015.6 12.3 12.2 315.7 366.2 
2018/10/05 03:26 0.4 0.3 83.1 11.5 0.7 0.0 1015.6 12.3 12.2 315.5 366.2 
2018/10/05 03:27 0.4 0.3 83.2 11.5 0.8 0.0 1015.6 12.3 12.2 315.4 366.4 
2018/10/05 03:28 0.4 0.3 83.2 11.5 0.9 0.0 1015.6 12.3 12.2 315.2 366.2 
2018/10/05 03:29 0.4 0.3 83.1 11.5 0.5 0.0 1015.6 12.3 12.2 315.2 365.3 
2018/10/05 03:30 0.4 0.3 83.4 11.5 0.6 0.0 1015.6 12.3 12.2 315.1 365.0 
2018/10/05 03:31 0.4 0.3 83.5 11.5 0.7 0.0 1015.6 12.3 12.2 314.8 364.7 
2018/10/05 03:32 0.4 0.3 83.5 11.4 0.7 0.0 1015.6 12.2 12.2 314.3 364.4 
2018/10/05 03:33 0.4 0.3 83.6 11.4 0.8 0.0 1015.6 12.2 12.2 314.3 364.2 
2018/10/05 03:34 0.4 0.3 83.7 11.4 0.8 0.0 1015.6 12.2 12.2 314.4 364.0 
2018/10/05 03:35 0.4 0.3 83.8 11.3 0.7 0.0 1015.6 12.2 12.2 314.6 363.9 
2018/10/05 03:36 0.4 0.2 83.9 11.3 0.7 0.0 1015.6 12.2 12.1 314.6 363.2 
2018/10/05 03:37 0.4 0.2 84.1 11.3 0.9 0.0 1015.6 12.2 12.1 314.5 363.1 
2018/10/05 03:38 0.4 0.2 84.2 11.3 1.0 0.0 1015.6 12.2 12.1 314.4 363.7 
2018/10/05 03:39 0.4 0.2 84.3 11.4 1.4 0.0 1015.6 12.2 12.1 314.2 364.3 
2018/10/05 03:40 0.4 0.2 84.3 11.4 1.2 0.0 1015.6 12.2 12.2 314.0 365.2 
2018/10/05 03:41 0.4 0.2 84.2 11.4 0.9 0.0 1015.6 12.2 12.2 313.8 365.8 
2018/10/05 03:42 0.4 0.2 84.1 11.4 1.0 0.0 1015.6 12.2 12.2 313.7 366.0 
2018/10/05 03:43 0.4 0.2 83.9 11.4 1.2 0.0 1015.6 12.2 12.2 313.8 366.0 
2018/10/05 03:44 0.4 0.2 83.8 11.4 1.1 0.0 1015.4 12.2 12.2 313.6 365.7 
2018/10/05 03:45 0.4 0.2 83.8 11.3 1.0 0.0 1015.4 12.2 12.2 313.5 365.3 
2018/10/05 03:46 0.4 0.2 83.9 11.3 0.6 0.0 1015.4 12.2 12.2 313.5 364.5 
2018/10/05 03:47 0.4 0.2 84.1 11.3 0.5 0.0 1015.4 12.2 12.2 313.6 364.2 
2018/10/05 03:48 0.4 0.2 84.1 11.3 0.3 0.0 1015.4 12.2 12.1 313.7 363.3 
2018/10/05 03:49 0.4 0.2 84.2 11.2 0.5 0.0 1015.4 12.2 12.1 313.9 363.1 
2018/10/05 03:50 0.4 0.2 84.3 11.2 0.8 0.0 1015.4 12.1 12.1 313.3 363.4 
2018/10/05 03:51 0.4 0.2 84.4 11.2 0.8 0.0 1015.4 12.1 12.1 313.1 363.4 
2018/10/05 03:52 0.4 0.2 84.5 11.2 0.9 0.0 1015.4 12.1 12.1 313.1 363.5 
2018/10/05 03:53 0.4 0.2 84.7 11.2 1.0 0.0 1015.4 12.1 12.1 313.1 363.8 
2018/10/05 03:54 0.4 0.2 84.9 11.1 1.1 0.0 1015.4 12.1 12.0 313.2 363.6 
2018/10/05 03:55 0.4 0.2 85.0 11.1 1.0 0.0 1015.4 12.1 12.0 313.3 363.7 
2018/10/05 03:56 0.4 0.2 85.2 11.1 0.7 0.0 1015.4 12.1 12.0 313.5 363.7 
2018/10/05 03:57 0.4 0.2 85.2 11.1 0.9 0.0 1015.4 12.1 12.0 313.7 363.9 
2018/10/05 03:58 0.4 0.2 85.2 11.1 0.7 0.0 1015.4 12.1 12.0 313.8 363.8 
2018/10/05 03:59 0.4 0.2 85.0 11.1 0.8 0.0 1015.4 12.1 12.0 313.8 363.7 
2018/10/05 04:00 0.4 0.2 84.9 11.1 0.9 0.0 1015.4 12.1 12.0 313.8 363.5 
2018/10/05 04:01 0.4 0.2 84.8 11.1 0.4 0.0 1015.4 12.0 12.0 313.3 363.1 
2018/10/05 04:02 0.4 0.2 84.9 11.1 0.6 0.0 1015.4 12.0 12.0 313.3 363.0 
2018/10/05 04:03 0.4 0.2 84.7 11.1 0.5 0.0 1015.4 12.0 12.0 313.5 362.7 
2018/10/05 04:04 0.4 0.2 84.6 11.1 0.4 0.0 1015.4 12.0 11.9 313.5 362.0 
2018/10/05 04:05 0.4 0.2 84.6 11.1 0.5 0.0 1015.6 12.0 11.9 313.6 361.9 
2018/10/05 04:06 0.4 0.2 84.6 11.1 0.6 0.0 1015.6 12.0 11.9 313.6 362.1 
2018/10/05 04:07 0.4 0.2 84.6 11.2 0.7 0.0 1015.6 12.0 11.9 313.4 362.0 
2018/10/05 04:08 0.4 0.2 84.8 11.2 0.8 0.0 1015.6 12.0 11.9 313.3 362.0 
2018/10/05 04:09 0.4 0.2 85.0 11.3 0.8 0.0 1015.6 12.0 11.9 313.0 362.1 
2018/10/05 04:10 0.4 0.2 85.0 11.3 0.7 0.0 1015.6 12.0 12.0 312.8 362.8 
2018/10/05 04:11 0.4 0.2 84.9 11.3 0.6 0.0 1015.6 12.0 12.0 312.7 362.6 
2018/10/05 04:12 0.4 0.2 84.6 11.4 0.4 0.0 1015.6 12.0 12.0 312.6 362.2 
2018/10/05 04:13 0.4 0.2 84.0 11.4 0.4 0.0 1015.4 12.0 12.0 312.5 361.7 
2018/10/05 04:14 0.4 0.2 83.7 11.4 0.4 0.0 1015.4 12.0 12.0 312.6 361.3 
2018/10/05 04:15 0.4 0.2 83.6 11.4 0.5 0.0 1015.4 12.0 12.0 312.8 361.9 
2018/10/05 04:16 0.4 0.2 83.5 11.4 0.9 0.0 1015.4 12.0 12.0 312.7 362.4 
2018/10/05 04:17 0.4 0.2 83.7 11.4 1.2 0.0 1015.4 12.0 12.0 312.6 363.2 
2018/10/05 04:18 0.4 0.2 83.9 11.4 1.2 0.0 1015.4 12.1 12.0 312.9 363.7 
2018/10/05 04:19 0.4 0.2 83.9 11.4 1.3 0.0 1015.4 12.1 12.0 312.7 364.4 
2018/10/05 04:20 0.4 0.2 83.9 11.4 1.0 0.0 1015.4 12.1 12.1 312.4 364.8 
2018/10/05 04:21 0.4 0.2 83.8 11.4 1.0 0.0 1015.4 12.1 12.1 312.2 364.7 
2018/10/05 04:22 0.4 0.2 83.9 11.4 1.0 0.0 1015.4 12.1 12.1 312.2 364.2 
2018/10/05 04:23 0.4 0.2 83.7 11.3 0.9 0.0 1015.4 12.1 12.1 312.1 364.3 
2018/10/05 04:24 0.4 0.2 83.7 11.3 1.0 0.0 1015.4 12.1 12.1 312.0 364.1 
2018/10/05 04:25 0.4 0.2 83.6 11.3 0.8 0.0 1015.4 12.1 12.1 311.9 363.7 
2018/10/05 04:26 0.4 0.2 83.7 11.3 0.9 0.0 1015.4 12.1 12.1 311.9 362.8 
2018/10/05 04:27 0.4 0.2 83.8 11.2 0.8 0.0 1015.4 12.1 12.1 311.8 362.3 
2018/10/05 04:28 0.4 0.2 83.8 11.2 0.3 0.0 1015.4 12.1 12.0 311.8 361.1 
2018/10/05 04:29 0.4 0.2 84.0 11.2 0.4 0.0 1015.4 12.1 12.0 312.0 360.6 
2018/10/05 04:30 0.4 0.2 84.1 11.2 0.8 0.0 1015.4 12.0 12.0 311.7 360.4 
2018/10/05 04:31 0.4 0.2 84.2 11.1 0.7 0.0 1015.4 12.0 12.0 311.9 360.9 
2018/10/05 04:32 0.4 0.2 84.5 11.1 0.9 0.0 1015.4 12.0 11.9 312.0 360.5 
2018/10/05 04:33 0.4 0.2 84.5 11.1 1.0 0.0 1015.4 12.0 11.9 312.0 360.4 
2018/10/05 04:34 0.4 0.2 84.7 11.1 1.1 0.0 1015.4 12.0 11.9 312.2 361.3 
2018/10/05 04:35 0.4 0.2 84.9 11.1 0.8 0.0 1015.4 12.0 11.9 312.1 361.5 
2018/10/05 04:36 0.4 0.2 85.1 11.1 0.4 0.0 1015.4 12.0 11.9 311.9 361.0 
2018/10/05 04:37 0.4 0.2 85.4 11.1 0.5 0.0 1015.4 11.9 11.9 311.4 360.9 
2018/10/05 04:38 0.4 0.2 85.5 11.1 0.6 0.0 1015.4 11.9 11.9 311.3 360.9 
2018/10/05 04:39 0.4 0.2 85.7 11.1 0.5 0.0 1015.4 11.9 11.9 311.3 360.9 
2018/10/05 04:40 0.4 0.2 85.8 11.1 0.5 0.0 1015.4 11.9 11.9 311.3 361.4 
2018/10/05 04:41 0.4 0.2 85.9 11.1 0.8 0.0 1015.4 11.9 11.9 311.3 361.6 
2018/10/05 04:42 0.4 0.2 86.0 11.1 1.0 0.0 1015.1 11.9 11.9 311.3 362.3 
2018/10/05 04:43 0.4 0.2 86.1 11.0 0.7 0.0 1015.1 11.9 11.9 311.5 362.8 
2018/10/05 04:44 0.4 0.2 86.2 11.0 1.3 0.0 1015.1 11.9 11.9 311.5 363.1 
2018/10/05 04:45 0.4 0.2 86.2 11.0 1.3 0.0 1015.1 11.9 11.9 311.5 363.5 
2018/10/05 04:46 0.4 0.2 86.0 11.0 1.1 0.0 1015.1 11.9 11.9 311.5 363.3 
2018/10/05 04:47 0.4 0.2 85.8 10.9 0.9 0.0 1015.1 11.9 11.8 311.3 363.2 
2018/10/05 04:48 0.4 0.2 85.5 10.9 1.0 0.0 1015.1 11.9 11.8 311.2 363.3 
2018/10/05 04:49 0.4 0.2 85.3 10.9 0.9 0.0 1015.1 11.9 11.8 311.2 363.3 
2018/10/05 04:50 0.4 0.2 85.2 10.8 0.8 0.0 1015.1 11.9 11.8 311.1 363.1 
2018/10/05 04:51 0.4 0.2 85.2 10.8 0.5 0.0 1015.1 11.8 11.8 310.7 362.7 
2018/10/05 04:52 0.4 0.2 85.5 10.8 0.3 0.0 1015.1 11.8 11.8 310.8 361.8 
2018/10/05 04:53 0.4 0.2 85.6 10.8 0.5 0.0 1015.1 11.8 11.7 310.9 360.6 
2018/10/05 04:54 0.4 0.2 85.6 10.8 0.5 0.0 1015.1 11.8 11.7 311.0 360.4 
2018/10/05 04:55 0.4 0.2 85.6 10.8 0.6 0.0 1015.1 11.7 11.7 310.6 360.2 
2018/10/05 04:56 0.4 0.3 85.7 10.8 0.8 0.0 1015.1 11.7 11.7 310.9 360.4 
2018/10/05 04:57 0.4 0.3 85.8 10.8 0.6 0.0 1015.1 11.7 11.7 311.1 361.0 
2018/10/05 04:58 0.4 0.3 85.8 10.8 0.5 0.0 1015.4 11.7 11.7 311.4 361.3 
2018/10/05 04:59 0.4 0.3 86.0 10.8 0.5 0.0 1015.4 11.7 11.7 311.5 361.4 
2018/10/05 05:00 0.4 0.3 85.9 10.9 0.3 0.0 1015.4 11.7 11.6 311.6 360.7 
2018/10/05 05:01 0.4 0.3 85.8 10.9 0.3 0.0 1015.4 11.7 11.6 311.6 360.1 
2018/10/05 05:02 0.4 0.3 85.5 10.9 0.4 0.0 1015.4 11.7 11.6 311.7 359.9 
2018/10/05 05:03 0.4 0.2 85.3 10.9 1.0 0.0 1015.1 11.7 11.6 311.7 360.2 
2018/10/05 05:04 0.4 0.1 85.2 10.9 0.8 0.0 1015.1 11.7 11.6 311.6 360.6 
2018/10/05 05:05 0.4 0.1 85.0 10.9 0.9 0.0 1015.1 11.7 11.6 311.3 361.4 
2018/10/05 05:06 0.4 0.1 84.9 10.9 1.0 0.0 1015.1 11.7 11.6 311.1 361.8 
2018/10/05 05:07 0.4 0.1 84.9 10.9 0.8 0.0 1015.1 11.7 11.6 311.1 362.3 
2018/10/05 05:08 0.4 0.2 85.0 10.9 0.7 0.0 1015.1 11.7 11.6 311.2 362.9 
2018/10/05 05:09 0.4 0.1 85.0 10.9 0.6 0.0 1015.1 11.7 11.6 311.0 363.1 
2018/10/05 05:10 0.4 0.2 84.9 10.9 0.7 0.0 1015.1 11.7 11.6 311.1 363.1 
2018/10/05 05:11 0.4 0.2 84.9 10.9 0.7 0.0 1014.8 11.7 11.6 310.9 363.0 
2018/10/05 05:12 0.4 0.2 84.8 10.8 0.4 0.0 1015.1 11.7 11.6 310.8 362.5 
2018/10/05 05:13 0.4 0.2 84.9 10.8 0.6 0.0 1015.1 11.7 11.6 310.8 362.0 
2018/10/05 05:14 0.4 0.2 85.0 10.7 0.6 0.0 1015.1 11.6 11.6 310.3 361.4 
2018/10/05 05:15 0.4 0.2 85.2 10.7 0.4 0.0 1015.1 11.6 11.5 310.4 360.5 
2018/10/05 05:16 0.4 0.2 85.5 10.6 0.8 0.0 1015.1 11.6 11.5 310.6 360.4 
2018/10/05 05:17 0.4 0.2 85.7 10.6 0.8 0.0 1015.1 11.6 11.5 310.6 360.6 
2018/10/05 05:18 0.4 0.2 85.7 10.6 0.4 0.0 1015.1 11.5 11.5 310.3 360.6 
2018/10/05 05:19 0.4 0.2 85.9 10.6 0.2 0.0 1015.1 11.5 11.5 310.6 360.2 
2018/10/05 05:20 0.4 0.2 86.0 10.6 0.5 0.0 1015.1 11.5 11.4 310.9 359.0 
2018/10/05 05:21 0.4 0.2 86.3 10.6 0.4 0.0 1015.1 11.5 11.4 311.1 359.4 
2018/10/05 05:22 0.4 0.2 86.3 10.6 0.3 0.0 1015.1 11.5 11.4 311.2 359.3 
2018/10/05 05:23 0.4 0.2 86.3 10.6 0.0 0.0 1015.1 11.4 11.4 310.7 358.9 
2018/10/05 05:24 0.4 0.2 86.2 10.6 0.0 0.0 1015.1 11.4 11.4 310.9 358.3 
2018/10/05 05:25 0.4 0.2 86.2 10.6 0.0 0.0 1015.1 11.4 11.3 311.1 356.9 
2018/10/05 05:26 0.4 0.2 86.2 10.6 0.0 0.0 1015.1 11.3 11.3 310.8 356.5 
2018/10/05 05:27 0.4 0.2 86.3 10.6 0.0 0.0 1015.1 11.3 11.2 311.0 355.7 
2018/10/05 05:28 0.4 0.2 86.3 10.6 0.0 0.0 1015.1 11.3 11.2 311.2 355.1 
2018/10/05 05:29 0.4 0.2 86.3 10.6 0.0 0.0 1015.1 11.2 11.2 310.7 354.8 
2018/10/05 05:30 0.4 0.2 86.4 10.6 0.0 0.0 1015.1 11.2 11.2 310.7 354.8 
2018/10/05 05:31 0.4 0.2 86.3 10.6 0.2 0.0 1015.1 11.2 11.1 310.7 353.9 
2018/10/05 05:32 0.4 0.2 86.3 10.6 0.2 0.0 1015.1 11.2 11.1 310.7 354.2 
2018/10/05 05:33 0.4 0.2 86.3 10.5 0.2 0.0 1015.1 11.2 11.1 310.6 354.5 
2018/10/05 05:34 0.4 0.2 86.3 10.5 0.6 0.0 1015.1 11.2 11.1 310.5 355.0 
2018/10/05 05:35 0.4 0.2 86.6 10.5 0.7 0.0 1015.1 11.2 11.1 310.4 355.8 
2018/10/05 05:36 0.4 0.2 86.5 10.5 0.4 0.0 1015.1 11.2 11.1 310.4 356.6 
2018/10/05 05:37 0.4 0.1 86.6 10.5 0.5 0.0 1015.1 11.2 11.1 310.2 356.9 
2018/10/05 05:38 0.4 0.1 86.7 10.5 0.5 0.0 1015.1 11.2 11.1 310.3 357.3 
2018/10/05 05:39 0.4 0.2 86.7 10.5 0.5 0.0 1015.1 11.2 11.1 310.3 357.6 
2018/10/05 05:40 0.4 0.2 86.5 10.5 0.3 0.0 1015.1 11.2 11.1 310.5 358.2 
2018/10/05 05:41 0.4 0.2 86.5 10.5 0.5 0.0 1015.1 11.2 11.1 310.6 358.4 
2018/10/05 05:42 0.4 0.2 86.5 10.5 0.8 0.0 1015.1 11.2 11.1 310.6 359.1 
2018/10/05 05:43 0.4 0.2 86.4 10.4 0.6 0.0 1015.1 11.2 11.1 310.8 359.1 
2018/10/05 05:44 0.4 0.2 86.3 10.4 0.8 0.0 1015.1 11.2 11.1 310.7 359.6 
2018/10/05 05:45 0.4 0.2 86.3 10.4 0.4 0.0 1015.1 11.2 11.1 310.6 359.6 
2018/10/05 05:46 0.4 0.2 86.3 10.4 0.8 0.0 1015.1 11.2 11.1 310.5 359.7 
2018/10/05 05:47 0.4 0.2 86.3 10.4 0.9 0.0 1015.1 11.2 11.1 310.3 359.4 
2018/10/05 05:48 0.4 0.2 86.3 10.4 0.6 0.0 1015.1 11.2 11.1 310.3 358.9 
2018/10/05 05:49 0.4 0.2 86.3 10.3 0.5 0.0 1015.1 11.2 11.1 310.3 358.4 
2018/10/05 05:50 0.4 0.2 86.4 10.3 0.3 0.0 1015.1 11.1 11.1 310.1 357.9 
2018/10/05 05:51 0.4 0.2 86.5 10.3 0.5 0.0 1015.1 11.1 11.1 310.3 357.5 
2018/10/05 05:52 0.4 0.2 86.6 10.3 0.2 0.0 1015.1 11.1 11.1 310.5 357.8 
2018/10/05 05:53 0.4 0.2 86.5 10.3 0.4 0.0 1015.1 11.1 11.0 310.7 356.8 
2018/10/05 05:54 0.4 0.2 86.6 10.3 0.5 0.0 1015.1 11.1 11.0 310.7 357.0 
2018/10/05 05:55 0.4 0.2 86.5 10.3 0.3 0.0 1015.1 11.1 11.0 310.7 356.8 
2018/10/05 05:56 0.4 0.2 86.6 10.3 0.1 0.0 1015.1 11.1 11.0 310.6 356.7 
2018/10/05 05:57 0.4 0.2 86.6 10.3 0.0 0.0 1015.1 11.0 11.0 310.2 356.8 
2018/10/05 05:58 0.4 0.2 86.6 10.3 0.1 0.0 1015.1 11.0 11.0 310.2 356.6 
2018/10/05 05:59 0.4 0.2 86.6 10.3 0.4 0.0 1015.1 11.0 10.9 310.3 356.5 
2018/10/05 06:00 0.4 0.2 86.7 10.3 0.4 0.0 1015.1 11.0 10.9 310.3 357.2 
2018/10/05 06:01 0.4 0.2 86.7 10.3 0.3 0.0 1015.1 11.0 10.9 310.3 357.4 
2018/10/05 06:02 0.4 0.2 86.6 10.3 0.2 0.0 1015.1 11.0 10.9 310.2 357.3 
2018/10/05 06:03 0.4 0.2 86.6 10.3 0.2 0.0 1015.1 10.9 10.9 309.7 356.6 
2018/10/05 06:04 0.4 0.2 86.6 10.3 0.4 0.0 1015.1 10.9 10.9 309.8 356.5 
2018/10/05 06:05 0.4 0.2 86.7 10.3 0.2 0.0 1015.1 10.9 10.9 309.9 356.3 
2018/10/05 06:06 0.4 0.2 86.8 10.3 0.2 0.0 1015.1 10.9 10.9 309.9 356.0 
2018/10/05 06:07 0.4 0.2 86.8 10.3 0.4 0.0 1015.4 10.9 10.9 309.9 356.0 
2018/10/05 06:08 0.4 0.2 86.8 10.3 0.3 0.0 1015.4 10.9 10.8 310.0 355.4 
2018/10/05 06:09 0.4 0.2 86.8 10.2 0.4 0.0 1015.1 10.9 10.8 310.0 355.6 
2018/10/05 06:10 0.4 0.2 86.8 10.2 0.4 0.0 1015.1 10.9 10.8 310.1 355.7 
2018/10/05 06:11 0.4 0.2 86.9 10.2 0.5 0.0 1015.1 10.9 10.8 310.1 356.2 
2018/10/05 06:12 0.4 0.2 86.9 10.2 0.5 0.0 1015.1 10.9 10.8 310.1 356.3 
2018/10/05 06:13 0.4 0.2 86.9 10.2 0.5 0.0 1015.1 10.9 10.8 310.0 356.3 
2018/10/05 06:14 0.4 0.2 87.0 10.2 0.6 0.0 1015.1 10.9 10.8 310.0 356.5 
2018/10/05 06:15 0.4 0.2 87.0 10.2 0.3 0.0 1015.1 10.9 10.8 310.0 356.5 
2018/10/05 06:16 0.4 0.2 87.0 10.2 0.7 0.0 1015.1 10.9 10.8 309.9 356.4 
2018/10/05 06:17 0.4 0.2 87.1 10.2 0.6 0.0 1015.1 10.9 10.8 309.8 356.5 
2018/10/05 06:18 0.4 0.2 87.2 10.3 0.5 0.0 1015.1 10.9 10.8 309.8 356.7 
2018/10/05 06:19 0.4 0.2 87.1 10.3 0.4 0.0 1015.1 10.9 10.8 309.8 356.6 
2018/10/05 06:20 0.4 0.2 87.1 10.3 0.5 0.0 1015.1 10.9 10.9 310.1 357.2 
2018/10/05 06:21 0.4 0.2 87.2 10.3 0.4 0.0 1015.1 10.9 10.9 310.3 357.2 
2018/10/05 06:22 0.4 0.2 87.3 10.3 0.5 0.0 1015.1 10.9 10.9 310.4 357.1 
2018/10/05 06:23 0.4 0.2 87.2 10.3 0.4 0.0 1015.1 10.9 10.9 310.3 357.1 
2018/10/05 06:24 0.4 0.2 87.1 10.3 0.4 0.0 1015.1 10.9 10.9 310.4 357.6 
2018/10/05 06:25 0.4 0.2 87.0 10.3 0.6 0.0 1015.1 10.9 10.9 310.2 357.8 
2018/10/05 06:26 0.4 0.2 87.0 10.3 0.5 0.0 1015.1 10.9 10.9 310.0 357.6 
2018/10/05 06:27 0.4 0.2 86.9 10.3 0.4 0.0 1015.1 10.9 10.9 309.9 357.4 
2018/10/05 06:28 0.4 0.2 86.9 10.3 0.2 0.0 1015.1 10.9 10.9 309.8 356.7 
2018/10/05 06:29 0.4 0.2 87.0 10.3 0.4 0.0 1015.1 10.9 10.9 309.7 356.2 
2018/10/05 06:30 0.4 0.2 87.1 10.3 0.4 0.0 1015.1 10.9 10.9 309.7 356.3 
2018/10/05 06:31 0.4 0.2 87.1 10.3 0.5 0.0 1015.1 10.9 10.9 309.7 356.8 
2018/10/05 06:32 0.4 0.2 87.2 10.3 0.4 0.0 1015.1 10.9 10.9 309.7 357.1 
2018/10/05 06:33 0.4 0.2 87.2 10.3 0.5 0.0 1015.1 10.9 10.9 309.7 357.4 
2018/10/05 06:34 0.4 0.2 87.2 10.3 0.5 0.0 1015.1 10.9 10.9 309.6 357.3 
2018/10/05 06:35 0.4 0.2 87.2 10.3 0.6 0.0 1015.1 10.9 10.9 309.6 357.4 
2018/10/05 06:36 0.4 0.2 87.2 10.2 0.7 0.0 1015.1 10.9 10.9 309.7 357.4 
2018/10/05 06:37 0.4 0.2 87.3 10.2 0.4 0.0 1015.1 10.9 10.9 309.5 357.5 
2018/10/05 06:38 0.4 0.2 87.3 10.2 0.6 0.0 1015.1 10.9 10.9 309.2 357.9 
2018/10/05 06:39 0.4 0.2 87.3 10.2 0.5 0.0 1015.1 10.9 10.9 309.1 358.1 
2018/10/05 06:40 0.4 0.2 87.3 10.2 0.6 0.0 1015.1 10.9 10.9 309.0 358.3 
2018/10/05 06:41 0.4 0.2 87.4 10.2 0.7 0.0 1015.1 10.9 10.9 309.0 358.6 
2018/10/05 06:42 0.4 0.2 87.4 10.2 0.7 0.0 1015.1 11.0 10.9 309.5 358.7 
2018/10/05 06:43 0.4 0.2 87.4 10.2 0.6 0.0 1015.1 11.0 10.9 309.5 358.8 
2018/10/05 06:44 0.4 0.2 87.5 10.2 1.0 0.0 1015.1 11.0 10.9 309.4 358.9 
2018/10/05 06:45 0.4 0.2 87.5 10.2 0.8 0.0 1015.1 11.0 10.9 309.3 359.1 
2018/10/05 06:46 0.4 0.2 87.5 10.2 0.7 0.0 1015.1 11.0 10.9 309.2 359.2 
2018/10/05 06:47 0.4 0.2 87.5 10.3 0.7 0.0 1015.1 11.0 10.9 309.1 359.3 
2018/10/05 06:48 0.4 0.2 87.5 10.2 0.8 0.0 1015.1 11.0 11.0 309.1 359.8 
2018/10/05 06:49 0.4 0.2 87.4 10.2 1.6 0.0 1015.1 11.0 11.0 308.9 359.8 
2018/10/05 06:50 0.4 0.2 87.5 10.2 1.2 0.0 1015.1 11.0 11.0 308.8 360.2 
2018/10/05 06:51 0.4 0.2 87.3 10.2 1.0 0.0 1015.1 11.0 11.0 308.6 360.0 
2018/10/05 06:52 0.4 0.2 87.2 10.2 1.1 0.0 1015.1 11.0 11.0 308.5 359.8 
2018/10/05 06:53 0.4 0.2 87.1 10.2 0.9 0.0 1015.1 11.0 11.0 308.5 359.6 
2018/10/05 06:54 0.4 0.2 87.1 10.2 1.2 0.0 1015.1 11.0 11.0 308.3 359.5 
2018/10/05 06:55 0.4 0.2 87.1 10.1 1.0 0.0 1015.1 11.0 11.0 308.3 359.4 
2018/10/05 06:56 0.4 0.2 87.0 10.1 0.8 0.0 1015.1 11.0 11.0 308.2 359.0 
2018/10/05 06:57 0.4 0.2 87.0 10.1 0.9 0.0 1015.1 11.0 11.0 308.3 358.7 
2018/10/05 06:58 0.4 0.2 87.1 10.1 0.9 0.0 1015.1 11.0 10.9 308.3 358.3 
2018/10/05 06:59 0.7 0.2 87.1 10.1 0.6 0.0 1015.1 11.0 10.9 308.4 358.1 
2018/10/05 07:00 0.7 0.2 87.0 10.1 0.6 0.0 1015.1 11.0 10.9 308.4 357.8 
2018/10/05 07:01 0.7 0.2 87.1 10.1 0.6 0.0 1015.1 10.9 10.9 307.8 358.1 
2018/10/05 07:02 0.7 0.2 87.0 10.1 0.4 0.0 1015.1 10.9 10.9 307.6 358.2 
2018/10/05 07:03 0.7 0.2 86.9 10.0 0.3 0.0 1015.1 10.9 10.9 307.6 357.9 
2018/10/05 07:04 1.1 0.2 86.9 10.0 0.1 0.0 1015.1 10.9 10.8 307.7 357.2 
2018/10/05 07:05 1.1 0.2 86.8 10.0 0.2 0.0 1015.1 10.9 10.8 307.4 356.9 
2018/10/05 07:06 1.4 0.2 86.8 10.0 0.2 0.0 1015.1 10.8 10.8 306.8 356.5 
2018/10/05 07:07 1.8 0.2 86.8 10.0 0.2 0.0 1015.1 10.8 10.7 306.7 355.7 
2018/10/05 07:08 2.1 0.2 86.9 10.0 0.3 0.0 1015.1 10.8 10.7 306.5 355.9 
2018/10/05 07:09 2.5 0.3 87.0 10.0 0.1 0.0 1015.1 10.7 10.7 306.0 355.9 
2018/10/05 07:10 2.9 0.3 87.0 10.0 0.4 0.0 1015.1 10.7 10.7 306.0 356.1 
2018/10/05 07:11 3.6 0.3 87.1 10.0 0.3 0.0 1015.1 10.7 10.7 306.0 356.2 
2018/10/05 07:12 3.9 0.3 87.0 9.9 0.2 0.0 1015.1 10.7 10.6 306.0 355.2 
2018/10/05 07:13 4.6 0.3 87.0 9.9 0.0 0.0 1015.4 10.7 10.6 306.2 354.4 
2018/10/05 07:14 5.4 0.3 86.9 9.9 0.0 0.0 1015.4 10.6 10.6 305.7 353.6 
2018/10/05 07:15 6.1 0.3 87.0 9.9 0.0 0.0 1015.4 10.6 10.5 305.8 352.7 
2018/10/05 07:16 7.1 0.3 87.1 9.9 0.1 0.0 1015.4 10.6 10.5 305.9 352.2 
2018/10/05 07:17 8.2 0.4 87.2 9.9 0.3 0.0 1015.4 10.5 10.5 305.3 351.9 
2018/10/05 07:18 9.3 0.4 87.2 9.9 0.2 0.0 1015.4 10.5 10.5 305.3 351.7 
2018/10/05 07:19 10.7 0.4 87.2 9.9 0.3 0.0 1015.1 10.5 10.5 305.3 351.8 
2018/10/05 07:20 11.8 0.4 87.1 9.9 0.5 0.0 1015.1 10.5 10.5 305.3 351.7 
2018/10/05 07:21 13.2 0.5 87.2 9.9 0.4 0.0 1015.1 10.5 10.5 305.3 352.3 
2018/10/05 07:22 14.6 0.4 87.1 9.9 0.4 0.0 1015.1 10.5 10.4 305.3 352.0 
2018/10/05 07:23 16.4 0.4 87.1 9.8 0.8 0.0 1015.1 10.5 10.4 305.0 352.4 
2018/10/05 07:24 18.2 0.4 87.2 9.8 0.7 0.0 1015.1 10.5 10.4 305.0 353.0 
2018/10/05 07:25 20.4 0.5 87.2 9.8 0.3 0.0 1015.1 10.5 10.4 305.0 353.4 
2018/10/05 07:26 22.5 0.5 87.2 9.8 0.4 0.0 1015.1 10.5 10.4 305.2 353.6 
2018/10/05 07:27 24.6 0.5 87.3 9.9 0.3 0.0 1015.1 10.5 10.4 305.2 354.1 
2018/10/05 07:28 27.1 0.6 87.2 9.9 0.0 0.0 1015.1 10.5 10.4 305.2 353.7 
2018/10/05 07:29 29.6 0.6 87.1 9.9 0.0 0.0 1015.1 10.5 10.4 305.4 352.9 
2018/10/05 07:30 32.5 0.7 87.1 9.9 0.0 0.0 1015.1 10.4 10.4 305.0 352.6 
2018/10/05 07:31 35.4 0.7 87.1 9.9 0.0 0.0 1015.1 10.4 10.4 305.2 352.6 
2018/10/05 07:32 38.9 0.8 87.1 9.9 0.2 0.0 1015.1 10.4 10.3 305.3 352.4 
2018/10/05 07:33 42.9 0.9 87.1 9.9 0.3 0.0 1015.1 10.4 10.3 305.3 352.9 
2018/10/05 07:34 47.1 0.9 87.1 9.9 0.4 0.0 1015.1 10.4 10.3 305.2 353.8 
2018/10/05 07:35 51.4 1.0 87.1 9.9 0.4 0.0 1015.1 10.4 10.3 305.2 354.5 
2018/10/05 07:36 55.7 1.1 87.1 9.9 0.5 0.0 1015.1 10.4 10.4 305.2 355.7 
2018/10/05 07:37 60.0 1.1 87.1 9.9 0.5 0.0 1015.1 10.4 10.4 305.2 356.1 
2018/10/05 07:38 64.6 1.2 87.1 9.9 0.6 0.0 1015.1 10.4 10.4 305.1 356.6 
2018/10/05 07:39 69.3 1.3 87.1 9.8 0.4 0.0 1015.1 10.4 10.4 305.2 356.9 
2018/10/05 07:40 74.3 1.4 87.1 9.8 0.5 0.0 1015.1 10.5 10.4 305.7 357.3 
2018/10/05 07:41 79.3 1.5 87.2 9.8 0.4 0.0 1015.1 10.5 10.4 305.7 357.6 
2018/10/05 07:42 84.3 1.7 87.1 9.8 0.1 0.0 1015.1 10.5 10.4 305.9 357.4 
2018/10/05 07:43 88.9 1.9 87.1 9.8 0.4 0.0 1015.1 10.5 10.4 305.9 357.2 
2018/10/05 07:44 93.6 2.0 87.1 9.8 0.5 0.0 1015.1 10.5 10.4 305.9 357.5 
2018/10/05 07:45 98.2 2.1 87.0 9.8 0.3 0.0 1015.1 10.5 10.4 305.8 357.5 
2018/10/05 07:46 103.2 2.2 87.1 9.8 0.5 0.0 1015.1 10.5 10.4 305.7 357.8 
2018/10/05 07:47 108.2 2.4 87.0 9.8 0.6 0.0 1015.1 10.5 10.5 305.5 358.3 
2018/10/05 07:48 113.6 2.4 86.9 9.8 1.0 0.0 1015.1 10.5 10.5 305.3 358.2 
2018/10/05 07:49 118.9 2.6 86.9 9.8 1.2 0.0 1015.1 10.6 10.5 305.7 358.2 
2018/10/05 07:50 124.3 2.7 87.1 9.8 1.1 0.0 1015.1 10.6 10.5 305.6 358.1 
2018/10/05 07:51 129.6 2.9 87.1 9.7 0.7 0.0 1015.1 10.6 10.5 305.5 357.9 
2018/10/05 07:52 134.6 3.0 87.1 9.7 0.7 0.0 1015.1 10.6 10.6 305.4 358.5 
2018/10/05 07:53 139.6 3.1 87.1 9.7 1.1 0.0 1015.1 10.6 10.6 305.3 358.7 
2018/10/05 07:54 144.6 3.2 87.2 9.8 0.9 0.0 1015.1 10.7 10.6 305.7 359.2 
2018/10/05 07:55 149.6 3.3 87.2 9.8 0.8 0.0 1015.1 10.7 10.6 305.6 359.0 
2018/10/05 07:56 155.0 3.4 87.1 9.8 0.8 0.0 1015.1 10.7 10.7 305.5 359.7 
2018/10/05 07:57 160.7 3.6 87.0 9.8 0.9 0.0 1015.4 10.7 10.7 305.4 360.0 
2018/10/05 07:58 166.4 3.7 87.0 9.8 1.3 0.0 1015.4 10.8 10.7 305.9 360.2 
2018/10/05 07:59 172.5 3.9 87.0 9.7 1.1 0.0 1015.4 10.8 10.7 305.9 360.4 
2018/10/05 08:00 178.9 4.1 87.0 9.7 1.1 0.0 1015.4 10.8 10.8 305.8 360.8 
2018/10/05 08:01 184.6 4.3 87.0 9.7 1.2 0.0 1015.4 10.8 10.8 305.7 360.7 
2018/10/05 08:02 190.0 4.5 87.1 9.7 0.7 0.0 1015.4 10.9 10.8 306.1 360.9 
2018/10/05 08:03 195.4 4.6 87.0 9.8 1.0 0.0 1015.4 10.9 10.8 305.9 360.8 
2018/10/05 08:04 200.7 4.7 87.1 9.8 0.9 0.0 1015.4 10.9 10.9 305.8 361.3 
2018/10/05 08:05 206.1 4.8 87.0 9.8 0.4 0.0 1015.4 10.9 10.9 305.8 361.0 
2018/10/05 08:06 212.1 4.8 86.9 9.8 0.6 0.0 1015.4 11.0 10.9 306.2 360.7 
2018/10/05 08:07 218.2 5.0 86.9 9.8 0.8 0.0 1015.4 11.0 11.0 306.1 361.2 
2018/10/05 08:08 224.6 5.1 86.8 9.8 1.0 0.0 1015.4 11.0 11.0 306.1 361.2 
2018/10/05 08:09 231.1 5.2 86.8 9.8 0.9 0.0 1015.4 11.1 11.0 306.6 361.2 
2018/10/05 08:10 238.2 5.3 86.8 9.8 0.7 0.0 1015.4 11.1 11.1 306.5 361.8 
2018/10/05 08:11 247.1 5.4 86.8 9.8 0.7 0.0 1015.4 11.1 11.1 306.5 361.8 
2018/10/05 08:12 257.1 5.7 86.8 9.9 0.9 0.0 1015.4 11.2 11.1 306.8 361.9 
2018/10/05 08:13 267.1 5.9 86.7 9.9 0.9 0.0 1015.4 11.2 11.2 306.6 362.7 
2018/10/05 08:14 281.4 6.2 86.7 9.9 1.1 0.0 1015.4 11.2 11.2 306.4 362.8 
2018/10/05 08:15 297.5 6.4 86.8 9.9 1.0 0.0 1015.4 11.3 11.2 306.8 362.9 
2018/10/05 08:16 313.9 6.6 86.9 10.0 0.9 0.0 1015.4 11.3 11.3 306.7 363.7 
2018/10/05 08:17 330.7 6.7 86.8 10.0 0.7 0.0 1015.4 11.4 11.3 307.0 363.8 
2018/10/05 08:18 349.3 7.0 86.7 10.1 1.2 0.0 1015.4 11.4 11.4 306.8 364.6 
2018/10/05 08:19 367.9 7.2 86.5 10.1 1.1 0.0 1015.4 11.5 11.4 307.2 364.7 
2018/10/05 08:20 388.6 7.4 86.4 10.1 1.0 0.0 1015.4 11.5 11.5 307.0 365.4 
2018/10/05 08:21 409.3 7.6 86.3 10.0 0.8 0.0 1015.4 11.6 11.5 307.4 365.4 
2018/10/05 08:22 430.7 7.9 86.4 10.1 0.8 0.0 1015.4 11.6 11.6 307.1 365.9 
2018/10/05 08:23 449.6 8.0 86.2 10.1 1.1 0.0 1015.6 11.6 11.6 306.8 365.9 
2018/10/05 08:24 463.9 8.2 86.1 10.0 1.2 0.0 1015.6 11.7 11.6 307.1 365.9 
2018/10/05 08:25 476.4 8.3 86.1 10.0 1.0 0.0 1015.6 11.7 11.7 306.9 366.5 
2018/10/05 08:26 493.6 8.4 86.1 10.0 1.3 0.0 1015.6 11.7 11.7 306.8 366.6 
2018/10/05 08:27 510.4 8.6 86.0 10.0 1.1 0.0 1015.6 11.8 11.7 307.2 366.8 
2018/10/05 08:28 528.2 8.8 86.0 10.0 1.4 0.0 1015.6 11.8 11.8 307.2 367.5 
2018/10/05 08:29 546.4 9.1 85.9 10.0 1.6 0.0 1015.6 11.8 11.8 307.3 367.8 
2018/10/05 08:30 565.7 9.3 85.9 10.0 1.0 0.0 1015.6 11.9 11.8 307.7 367.9 
2018/10/05 08:31 586.1 9.5 86.0 10.0 1.1 0.0 1015.6 11.9 11.9 307.6 368.6 
2018/10/05 08:32 607.1 9.8 85.9 10.0 1.4 0.0 1015.6 11.9 11.9 307.4 368.6 
2018/10/05 08:33 627.1 10.1 85.9 10.1 1.0 0.0 1015.6 12.0 11.9 307.9 368.7 
2018/10/05 08:34 646.1 10.3 85.9 10.1 1.2 0.0 1015.6 12.0 12.0 307.8 369.5 
2018/10/05 08:35 664.6 10.5 85.9 10.1 1.3 0.0 1015.6 12.0 12.0 307.7 369.7 
2018/10/05 08:36 682.5 10.8 85.9 10.1 1.1 0.0 1015.6 12.1 12.1 308.2 370.5 
2018/10/05 08:37 702.5 11.2 86.0 10.2 1.1 0.0 1015.6 12.1 12.1 308.1 370.9 
2018/10/05 08:38 720.4 11.4 85.9 10.2 1.1 0.0 1015.9 12.2 12.2 308.4 371.5 
2018/10/05 08:39 737.1 11.7 86.0 10.3 0.9 0.0 1015.9 12.2 12.2 308.3 371.8 
2018/10/05 08:40 752.5 12.0 85.9 10.3 0.5 0.0 1015.9 12.3 12.3 308.6 372.7 
2018/10/05 08:41 768.9 12.3 85.7 10.4 0.6 0.0 1015.9 12.4 12.3 308.9 373.0 
2018/10/05 08:43 775.7 12.6 84.6 10.4 1.1 0.0 1015.9 12.5 12.5 308.7 374.2 
2018/10/05 08:44 777.1 12.7 84.6 10.4 1.2 0.0 1015.9 12.5 12.5 308.6 374.4 
2018/10/05 08:45 790.4 12.9 84.9 10.5 0.7 0.0 1015.9 12.6 12.6 308.9 375.1 
2018/10/05 08:46 809.3 13.3 84.6 10.5 0.6 0.0 1015.9 12.6 12.6 308.7 375.3 
2018/10/05 08:47 829.3 13.7 84.3 10.6 0.9 0.0 1015.9 12.7 12.7 309.0 376.1 
2018/10/05 08:48 850.7 14.2 83.7 10.6 1.3 0.0 1015.9 12.8 12.7 309.2 376.1 
2018/10/05 08:49 872.1 14.6 83.9 10.6 1.1 0.0 1015.9 12.8 12.8 309.3 376.9 
2018/10/05 08:50 892.1 15.0 84.1 10.6 0.8 0.0 1015.9 12.8 12.8 309.2 377.2 
2018/10/05 08:51 911.1 15.4 83.8 10.6 1.2 0.0 1015.9 12.9 12.8 309.5 377.3 
2018/10/05 08:52 929.6 15.8 84.0 10.5 1.4 0.0 1015.9 12.9 12.9 309.5 377.9 
2018/10/05 08:53 951.4 16.2 84.0 10.5 1.4 0.0 1015.9 12.9 12.9 309.5 378.1 
2018/10/05 08:54 973.9 16.7 84.0 10.6 1.2 0.0 1015.9 13.0 12.9 310.1 378.6 
2018/10/05 08:55 992.9 17.2 84.0 10.6 1.2 0.0 1015.9 13.0 13.0 310.1 379.8 
2018/10/05 08:56 1011.8 17.6 84.1 10.6 1.1 0.0 1015.9 13.1 13.0 310.5 380.2 
2018/10/05 08:57 1029.3 17.9 84.4 10.6 0.9 0.0 1015.9 13.1 13.1 310.4 381.2 
2018/10/05 08:58 1040.7 18.2 84.0 10.7 1.2 0.0 1015.9 13.2 13.1 310.6 381.5 
2018/10/05 08:59 1051.1 18.6 84.1 10.8 0.9 0.0 1015.9 13.2 13.2 310.7 382.6 
2018/10/05 09:00 1058.9 18.8 84.0 10.8 0.8 0.0 1015.9 13.3 13.3 310.8 383.3 
2018/10/05 09:01 1065.7 19.0 83.6 10.9 1.3 0.0 1015.9 13.3 13.3 310.6 383.2 
2018/10/05 09:02 1081.1 19.3 83.5 10.9 0.9 0.0 1016.2 13.4 13.4 310.9 383.9 
2018/10/05 09:03 1093.2 19.7 83.2 11.0 1.3 0.0 1016.2 13.5 13.4 311.2 384.1 
2018/10/05 09:04 1103.2 19.9 83.0 10.9 0.7 0.0 1016.2 13.5 13.5 311.0 385.1 
2018/10/05 09:05 1116.1 20.3 83.1 11.0 1.2 0.0 1016.2 13.6 13.5 311.5 385.3 
2018/10/05 09:06 1131.8 20.6 83.0 11.0 1.0 0.0 1016.2 13.6 13.6 311.3 386.0 
2018/10/05 09:07 1140.4 20.8 83.1 11.0 0.7 0.0 1016.2 13.7 13.6 311.8 386.5 
2018/10/05 09:08 1146.4 21.0 82.6 11.1 1.3 0.0 1016.2 13.7 13.7 311.8 386.9 
2018/10/05 09:09 1156.1 21.2 82.7 11.1 0.8 0.0 1016.2 13.8 13.8 312.0 387.7 
2018/10/05 09:10 1172.5 21.0 82.6 11.2 0.6 0.0 1016.2 13.8 13.8 311.6 388.5 
2018/10/05 09:12 1208.6 23.6 82.0 11.2 1.1 0.0 1016.2 14.0 13.9 312.5 389.4 
2018/10/05 09:13 1226.4 22.6 82.0 11.2 1.0 0.0 1016.2 14.0 14.0 312.3 389.5 
2018/10/05 09:14 1245.0 22.6 81.7 11.1 1.4 0.0 1016.2 14.0 14.0 312.2 389.0 
2018/10/05 09:15 1264.3 23.0 81.9 11.1 0.7 0.0 1016.2 14.0 14.0 312.1 389.2 
2018/10/05 09:16 1284.3 23.5 82.1 11.2 1.1 0.0 1016.2 14.1 14.1 312.7 390.4 
2018/10/05 09:17 1300.4 24.7 82.0 11.2 1.1 0.0 1016.2 14.1 14.1 312.8 390.1 
2018/10/05 09:18 1314.3 25.4 82.3 11.2 0.9 0.0 1016.2 14.2 14.1 313.4 390.9 
2018/10/05 09:19 1332.1 24.6 82.1 11.3 1.1 0.0 1016.2 14.2 14.2 313.5 392.2 
2018/10/05 09:20 1358.2 25.1 82.3 11.3 0.5 0.0 1016.2 14.3 14.3 313.8 394.0 
2018/10/05 09:21 1372.5 25.4 82.1 11.5 0.8 0.0 1016.2 14.4 14.3 313.9 394.7 
2018/10/05 09:22 1391.1 25.8 81.5 11.6 0.7 0.0 1016.2 14.4 14.4 313.5 395.7 
2018/10/05 09:23 1409.3 26.2 81.1 11.6 0.7 0.0 1016.2 14.6 14.5 314.4 397.5 
2018/10/05 09:24 1432.5 26.7 81.2 11.7 0.4 0.0 1016.2 14.6 14.6 314.1 398.7 
2018/10/05 09:25 1450.7 27.1 80.9 11.8 0.4 0.0 1016.2 14.7 14.7 314.3 399.8 
2018/10/05 09:26 1472.5 27.6 80.4 11.8 0.2 0.0 1016.2 14.8 14.8 314.5 400.7 
2018/10/05 09:27 1490.7 28.0 79.9 11.9 0.2 0.0 1016.2 15.0 15.0 315.3 402.5 
2018/10/05 09:28 1506.8 28.4 79.9 12.0 0.7 0.0 1016.5 15.1 15.0 315.5 403.2 
2018/10/05 09:29 1535.0 28.9 79.4 12.0 0.9 0.0 1016.5 15.1 15.1 315.1 403.0 
2018/10/05 09:30 1561.4 29.5 80.0 12.1 0.5 0.0 1016.5 15.2 15.2 315.6 403.7 
2018/10/05 09:31 1584.3 30.0 79.5 12.2 0.4 0.0 1016.5 15.3 15.3 315.8 404.9 
2018/10/05 09:32 1597.9 30.3 78.8 12.2 0.2 0.0 1016.5 15.4 15.4 315.7 405.8 
2018/10/05 09:33 1618.2 30.8 79.0 12.3 0.1 0.0 1016.5 15.6 15.6 316.5 407.5 
2018/10/05 09:34 1636.1 31.3 78.2 12.5 0.3 0.0 1016.5 15.7 15.7 316.6 408.7 
2018/10/05 09:35 1657.9 31.7 77.5 12.5 0.4 0.0 1016.5 15.8 15.8 316.6 409.6 
2018/10/05 09:36 1677.1 32.2 78.0 12.5 0.2 0.0 1016.5 15.9 15.9 316.7 410.8 
2018/10/05 09:37 1700.0 32.7 77.5 12.7 0.3 0.0 1016.5 16.1 16.1 317.8 412.4 
2018/10/05 09:38 1709.3 33.0 77.5 12.7 0.4 0.0 1016.5 16.2 16.2 317.8 413.1 
2018/10/05 09:39 1714.6 33.2 77.3 12.8 0.5 0.0 1016.5 16.3 16.3 317.9 413.4 
2018/10/05 09:40 1724.3 33.5 76.9 12.9 0.9 0.0 1016.5 16.4 16.4 318.0 413.1 
2018/10/05 09:41 1735.0 33.8 76.9 12.8 0.6 0.0 1016.5 16.4 16.4 317.7 412.9 
2018/10/05 09:42 1753.9 34.2 76.9 12.9 0.8 0.0 1016.5 16.5 16.5 318.3 412.8 
2018/10/05 09:43 1780.7 34.8 76.6 12.9 1.2 0.0 1016.5 16.6 16.5 319.0 412.4 
2018/10/05 09:44 1801.4 35.3 76.6 12.9 0.8 0.0 1016.5 16.6 16.5 318.7 411.7 
2018/10/05 09:45 1822.5 35.8 76.7 12.9 0.7 0.0 1016.5 16.6 16.6 318.5 411.9 
2018/10/05 09:46 1843.6 36.2 77.1 12.9 0.4 0.0 1016.5 16.7 16.7 319.0 413.9 
2018/10/05 09:47 1859.6 36.6 77.0 12.9 0.5 0.0 1016.5 16.8 16.7 319.4 415.4 
2018/10/05 09:48 1878.9 37.1 76.9 13.0 0.8 0.0 1016.5 16.9 16.8 320.0 416.0 
2018/10/05 09:49 1896.4 37.5 76.5 13.1 0.4 0.0 1016.5 16.9 16.9 319.1 416.9 
2018/10/05 09:50 1911.4 37.8 76.3 13.1 0.7 0.0 1016.5 17.0 17.0 319.3 417.7 
2018/10/05 09:51 1920.4 38.1 76.2 13.2 0.6 0.0 1016.5 17.1 17.1 319.7 418.4 
2018/10/05 09:52 1931.1 38.4 75.7 13.2 0.9 0.0 1016.5 17.2 17.2 319.9 418.4 
2018/10/05 09:53 1942.9 38.7 76.0 13.1 0.6 0.0 1016.2 17.2 17.2 319.8 417.4 
2018/10/05 09:54 1950.0 39.0 76.4 13.2 0.4 0.0 1016.2 17.3 17.3 320.2 419.2 
2018/10/05 09:55 1958.6 39.2 76.5 13.2 0.1 0.0 1016.2 17.4 17.4 320.4 421.0 
2018/10/05 09:56 1962.9 39.4 76.3 13.4 0.4 0.0 1016.2 17.5 17.5 320.2 421.9 
2018/10/05 09:57 1975.7 39.8 76.1 13.5 0.4 0.0 1016.2 17.6 17.6 320.9 423.4 
2018/10/05 09:58 1994.6 40.2 75.6 13.6 0.2 0.0 1016.2 17.7 17.7 320.9 424.4 
2018/10/05 09:59 2017.9 40.8 75.6 13.8 0.4 0.0 1016.2 17.8 17.8 321.1 425.4 
2018/10/05 10:00 2042.5 41.4 74.5 13.9 0.3 0.0 1016.2 17.9 17.9 321.3 425.9 
2018/10/05 10:01 2079.3 42.3 74.8 13.8 0.2 0.0 1016.2 18.0 18.0 321.5 427.2 
2018/10/05 10:02 2108.9 42.9 74.5 14.0 0.6 0.0 1016.2 18.1 18.1 321.9 428.4 
2018/10/05 10:03 2130.4 43.5 74.2 14.0 0.9 0.0 1016.2 18.2 18.2 322.4 429.1 
2018/10/05 10:04 2150.0 44.1 73.6 14.0 0.8 0.0 1016.2 18.3 18.2 322.6 426.8 
2018/10/05 10:05 2166.4 44.6 74.1 13.9 0.7 0.0 1016.2 18.3 18.3 322.8 428.2 
2018/10/05 10:06 2188.6 45.2 74.2 13.9 0.5 0.0 1016.2 18.4 18.3 323.2 429.3 
2018/10/05 10:07 2204.6 45.7 74.2 14.0 0.8 0.0 1016.2 18.4 18.4 322.8 429.7 
2018/10/05 10:08 2224.3 46.3 74.2 13.9 0.9 0.0 1016.2 18.5 18.4 323.4 429.2 
2018/10/05 10:09 2241.8 46.8 74.8 14.0 0.4 0.0 1016.2 18.6 18.5 323.7 431.1 
2018/10/05 10:10 2261.4 47.4 74.8 14.2 0.2 0.0 1016.2 18.7 18.6 323.8 433.9 
2018/10/05 10:11 2272.9 47.8 74.0 14.4 0.5 0.0 1016.2 18.8 18.8 324.2 436.1 
2018/10/05 10:12 2291.8 48.4 72.6 14.5 1.0 0.0 1016.2 18.9 18.9 324.7 435.3 
2018/10/05 10:13 2307.5 49.0 72.9 14.6 0.4 0.0 1016.2 19.0 19.0 324.9 436.2 
2018/10/05 10:14 2318.2 49.4 72.6 14.7 0.3 0.0 1016.2 19.1 19.1 325.0 438.1 
2018/10/05 10:15 2326.8 49.9 72.0 14.7 0.7 0.0 1016.2 19.2 19.2 325.3 438.4 
2018/10/05 10:16 2345.0 50.5 72.3 14.6 1.3 0.0 1016.2 19.2 19.2 325.8 436.0 
2018/10/05 10:17 2361.4 51.2 72.9 14.4 0.9 0.0 1016.2 19.2 19.2 325.7 435.2 
2018/10/05 10:18 2373.6 51.8 73.5 14.5 0.4 0.0 1016.2 19.3 19.2 326.3 437.1 
2018/10/05 10:19 2380.7 52.2 72.7 14.6 0.9 0.0 1016.2 19.3 19.3 325.9 439.3 
2018/10/05 10:20 2387.5 52.7 72.5 14.6 0.9 0.0 1016.2 19.4 19.3 326.3 438.6 
2018/10/05 10:21 2399.3 53.2 72.9 14.7 0.6 0.0 1015.9 19.5 19.4 326.8 440.6 
2018/10/05 10:22 2404.6 53.6 72.1 14.8 0.8 0.0 1015.9 19.5 19.5 326.3 441.9 
2018/10/05 10:23 2406.8 53.9 72.1 14.8 0.5 0.0 1015.9 19.6 19.5 326.7 443.4 
2018/10/05 10:24 2416.1 54.4 72.5 14.9 0.3 0.0 1015.9 19.7 19.7 327.5 446.8 
2018/10/05 10:25 2425.7 54.9 71.6 15.2 0.4 0.0 1015.9 19.8 19.8 327.4 447.9 
2018/10/05 10:26 2429.6 55.2 70.1 15.3 0.5 0.0 1015.9 19.9 19.9 326.9 447.4 
2018/10/05 10:27 2441.8 55.8 70.1 15.3 0.6 0.0 1015.9 20.0 20.0 327.8 448.5 
2018/10/05 10:28 2466.1 56.5 70.6 15.3 0.9 0.0 1015.9 20.1 20.1 328.7 449.8 
2018/10/05 10:29 2491.1 57.3 70.5 15.3 1.1 0.0 1015.9 20.1 20.1 328.5 450.1 
2018/10/05 10:30 2522.5 58.3 71.1 15.3 0.7 0.0 1015.9 20.2 20.1 329.3 452.1 
2018/10/05 10:31 2543.9 59.0 71.1 15.4 0.8 0.0 1015.9 20.2 20.2 329.2 454.2 
2018/10/05 10:32 2562.9 59.6 70.8 15.4 0.9 0.0 1015.9 20.3 20.2 330.1 455.3 
2018/10/05 10:33 2582.9 60.3 70.6 15.5 0.7 0.0 1015.9 20.4 20.3 330.0 457.9 
2018/10/05 10:34 2591.8 60.7 70.5 15.5 0.9 0.0 1015.9 20.4 20.4 330.0 459.5 
2018/10/05 10:35 2606.8 61.3 70.7 15.5 0.8 0.0 1015.9 20.5 20.4 330.7 460.5 
2018/10/05 10:36 2620.4 61.8 70.4 15.5 1.4 0.0 1015.9 20.5 20.4 330.8 461.1 
2018/10/05 10:37 2634.3 62.2 70.3 15.5 0.7 0.0 1015.9 20.5 20.4 330.7 461.8 
2018/10/05 10:38 2653.9 62.7 70.3 15.5 0.5 0.0 1015.9 20.5 20.5 330.6 465.1 
2018/10/05 10:39 2676.1 63.4 69.7 15.6 0.7 0.0 1015.6 20.6 20.6 331.0 468.0 
2018/10/05 10:40 2675.7 63.5 68.9 15.8 0.9 0.0 1015.6 20.7 20.7 331.2 470.3 
2018/10/05 10:41 2677.1 63.6 68.8 15.8 0.7 0.0 1015.6 20.8 20.8 331.7 470.8 
2018/10/05 10:42 2698.6 64.2 68.6 15.9 0.4 0.0 1015.6 20.9 20.9 332.0 473.4 
2018/10/05 10:43 2708.9 64.6 68.8 16.1 1.0 0.0 1015.6 21.0 21.0 333.0 475.3 
2018/10/05 10:44 2704.6 64.5 68.2 16.2 0.3 0.0 1015.6 21.1 21.1 333.0 477.1 
2018/10/05 10:45 2717.5 64.7 67.8 16.4 0.3 0.0 1015.6 21.3 21.2 333.6 479.2 
2018/10/05 10:46 2734.6 65.3 66.6 16.7 0.5 0.0 1015.6 21.4 21.4 333.4 481.1 
2018/10/05 10:47 2756.8 65.9 65.0 16.8 0.9 0.0 1015.6 21.6 21.6 333.9 481.7 
2018/10/05 10:48 2766.1 66.0 64.4 16.8 0.2 0.0 1015.6 21.7 21.7 333.8 483.3 
2018/10/05 10:49 2781.1 66.3 64.1 16.9 0.4 0.0 1015.6 21.8 21.8 333.9 485.5 
2018/10/05 10:50 2800.0 66.6 63.4 17.0 1.0 0.0 1015.6 22.0 22.0 334.8 486.8 
2018/10/05 10:51 2807.9 66.6 63.9 17.0 0.5 0.0 1015.6 22.1 22.0 335.2 487.2 
2018/10/05 10:52 2818.6 66.8 63.6 17.1 0.4 0.0 1015.6 22.2 22.2 335.3 489.0 
2018/10/05 10:53 2824.6 66.7 63.2 17.1 1.3 0.0 1015.6 22.3 22.2 335.4 488.2 
2018/10/05 10:54 2827.9 66.6 63.7 17.0 0.7 0.0 1015.6 22.3 22.2 335.1 488.0 
2018/10/05 10:55 2835.0 66.6 64.4 16.9 0.4 0.0 1015.6 22.3 22.3 334.9 489.3 
2018/10/05 10:56 2832.9 66.4 63.8 16.9 2.2 0.0 1015.6 22.3 22.3 335.8 487.6 
2018/10/05 10:57 2832.1 66.3 64.4 16.8 0.7 0.0 1015.6 22.3 22.2 335.6 486.4 
2018/10/05 10:58 2855.4 66.7 64.2 16.9 0.4 0.0 1015.6 22.3 22.3 335.2 489.1 
2018/10/05 10:59 2875.4 67.0 63.6 17.0 0.6 0.0 1015.6 22.4 22.4 335.2 490.6 
2018/10/05 11:00 2877.5 67.0 63.6 17.0 0.2 0.0 1015.6 22.6 22.5 336.0 492.9 
2018/10/05 11:01 2869.3 66.7 62.8 17.3 0.7 0.0 1015.6 22.7 22.7 336.2 495.4 
2018/10/05 11:02 2878.6 66.9 62.3 17.3 1.4 0.0 1015.6 22.7 22.7 336.1 495.1 
2018/10/05 11:03 2879.6 67.0 63.1 17.2 1.7 0.0 1015.6 22.7 22.6 337.1 493.2 
2018/10/05 11:04 2891.8 67.2 63.6 17.1 0.6 0.0 1015.6 22.7 22.6 337.4 493.5 
2018/10/05 11:05 2905.7 67.4 63.2 17.2 1.0 0.0 1015.6 22.7 22.6 337.0 494.3 
2018/10/05 11:06 2945.7 68.3 63.0 17.2 1.3 0.0 1015.6 22.7 22.7 336.9 495.6 
2018/10/05 11:07 2964.6 68.7 63.0 17.2 0.5 0.0 1015.6 22.8 22.7 336.7 496.4 
2018/10/05 11:08 2981.8 69.1 63.0 17.2 1.7 0.0 1015.6 22.8 22.8 337.2 497.8 
2018/10/05 11:09 2977.5 68.9 63.2 17.2 0.8 0.0 1015.6 22.8 22.8 337.3 497.7 
2018/10/05 11:10 2991.4 69.3 63.0 17.2 1.6 0.0 1015.6 22.9 22.8 338.1 498.3 
2018/10/05 11:11 3002.1 69.5 62.9 17.3 1.4 0.0 1015.6 22.9 22.8 338.2 498.8 
2018/10/05 11:12 3016.4 69.8 63.2 17.1 0.5 0.0 1015.6 22.9 22.8 337.6 499.9 
2018/10/05 11:13 3051.1 70.6 63.4 17.3 0.2 0.0 1015.6 23.0 23.0 338.0 504.1 
2018/10/05 11:14 3050.0 70.6 62.7 17.6 0.1 0.0 1015.6 23.2 23.2 338.4 507.1 
2018/10/05 11:15 3070.7 71.0 61.3 17.8 0.7 0.0 1015.6 23.4 23.4 339.1 508.9 
2018/10/05 11:16 3095.0 71.6 61.2 18.0 0.3 0.0 1015.6 23.6 23.5 340.2 511.1 
2018/10/05 11:17 3075.7 71.2 60.1 18.1 1.2 0.0 1015.6 23.7 23.7 339.9 510.8 
2018/10/05 11:18 3077.1 71.2 60.6 18.0 1.2 0.0 1015.6 23.7 23.7 339.9 510.2 
2018/10/05 11:19 3109.3 72.0 60.3 18.1 0.8 0.0 1015.6 23.8 23.8 340.5 511.2 
2018/10/05 11:20 3116.4 72.2 59.8 18.2 1.1 0.0 1015.6 23.9 23.9 340.8 512.1 
2018/10/05 11:21 3127.1 72.4 60.0 18.2 0.9 0.0 1015.6 24.0 23.9 341.4 510.9 
2018/10/05 11:22 3130.4 72.5 58.9 18.3 1.1 0.0 1015.6 24.0 24.0 340.7 512.3 
2018/10/05 11:23 3133.9 72.6 59.4 18.2 0.6 0.0 1015.6 24.1 24.0 341.7 513.1 
2018/10/05 11:24 3139.6 72.8 58.8 18.3 1.4 0.0 1015.6 24.2 24.1 341.5 513.2 
2018/10/05 11:25 3155.0 73.2 59.0 18.2 2.4 0.0 1015.6 24.1 24.0 341.9 510.7 
2018/10/05 11:26 3177.9 73.7 59.6 18.1 0.7 0.0 1015.6 24.0 24.0 342.0 512.2 
2018/10/05 11:27 3196.4 74.1 59.3 18.2 0.8 0.0 1015.6 24.1 24.0 342.1 513.7 
2018/10/05 11:28 3208.9 74.4 58.8 18.3 0.7 0.0 1015.6 24.2 24.1 342.0 515.8 
2018/10/05 11:29 3217.1 74.7 58.8 18.4 0.3 0.0 1015.6 24.3 24.2 342.8 518.0 
2018/10/05 11:30 3203.2 74.4 58.1 18.6 0.9 0.0 1015.6 24.4 24.3 342.4 518.7 
2018/10/05 11:31 3185.0 74.1 57.2 18.7 1.0 0.0 1015.6 24.4 24.4 342.0 517.1 
2018/10/05 11:32 3192.9 74.3 57.6 18.6 0.9 0.0 1015.6 24.5 24.4 343.1 517.5 
2018/10/05 11:33 3205.7 74.6 57.6 18.6 0.7 0.0 1015.6 24.5 24.4 342.1 518.3 
2018/10/05 11:34 3237.1 75.3 57.7 18.7 0.5 0.0 1015.6 24.5 24.5 343.1 520.8 
2018/10/05 11:35 3232.1 75.2 56.8 19.0 0.3 0.0 1015.6 24.6 24.6 343.8 523.4 
2018/10/05 11:36 3263.9 76.0 55.9 19.1 0.4 0.0 1015.6 24.8 24.7 344.0 524.7 
2018/10/05 11:37 3283.2 76.4 56.6 19.0 0.4 0.0 1015.6 24.9 24.9 343.9 526.8 
2018/10/05 11:38 3274.6 76.3 56.7 18.9 1.2 0.0 1015.6 25.0 24.9 343.7 524.4 
2018/10/05 11:39 3272.5 76.2 57.5 18.8 0.9 0.0 1015.6 25.0 24.9 344.0 524.4 
2018/10/05 11:40 3282.1 76.4 57.8 18.8 0.9 0.0 1015.6 25.0 24.9 345.2 524.0 
2018/10/05 11:41 3287.1 76.6 57.4 19.0 0.4 0.0 1015.6 25.1 25.0 345.2 525.7 
2018/10/05 11:42 3328.6 77.5 56.6 19.1 1.4 0.0 1015.4 25.2 25.1 345.6 525.1 
2018/10/05 11:43 3306.4 77.0 56.7 19.0 2.4 0.0 1015.4 25.1 25.0 345.3 519.9 
2018/10/05 11:44 3262.5 76.1 57.2 18.8 2.6 0.0 1015.4 24.9 24.8 344.9 516.7 
2018/10/05 11:45 3246.8 75.7 58.1 18.7 2.0 0.0 1015.4 24.8 24.7 345.7 515.9 
2018/10/05 11:46 3240.4 75.5 57.8 18.8 1.2 0.0 1015.4 24.7 24.6 345.2 518.0 
2018/10/05 11:47 3258.9 75.9 58.1 18.9 1.4 0.0 1015.4 24.7 24.7 344.5 519.7 
2018/10/05 11:49 3328.6 77.6 59.5 18.9 1.2 0.0 1015.6 24.7 24.7 345.2 520.9 
2018/10/05 11:50 3328.9 77.5 59.2 18.9 0.9 0.0 1015.6 24.8 24.7 345.7 522.4 
2018/10/05 11:51 3316.4 77.3 58.6 19.0 0.5 0.0 1015.6 24.9 24.9 345.2 526.3 
2018/10/05 11:52 3316.8 77.4 57.6 18.9 0.9 0.0 1015.4 25.0 25.0 345.0 527.3 
2018/10/05 11:53 3330.7 77.6 57.7 18.9 0.6 0.0 1015.4 25.1 25.0 345.3 528.3 
2018/10/05 11:54 3317.1 77.4 57.9 18.8 0.7 0.0 1015.4 25.2 25.1 345.9 529.6 
2018/10/05 11:55 3317.9 77.5 58.0 18.9 1.3 0.0 1015.4 25.3 25.2 347.6 531.3 
2018/10/05 11:56 3290.4 76.9 57.5 19.0 1.2 0.0 1015.4 25.3 25.2 347.8 528.8 
2018/10/05 11:57 3267.1 76.4 57.4 19.1 1.1 0.0 1015.4 25.3 25.3 348.3 530.8 
2018/10/05 11:58 3273.2 76.5 56.4 19.4 0.5 0.0 1015.4 25.4 25.4 347.8 532.6 
2018/10/05 11:59 3328.6 77.8 56.2 19.6 0.6 0.0 1015.4 25.6 25.5 347.9 533.9 
2018/10/05 12:00 3375.0 78.8 55.7 19.7 0.8 0.0 1015.4 25.7 25.6 347.1 534.6 
2018/10/05 12:01 3373.6 78.9 56.1 19.6 0.2 0.0 1015.4 25.8 25.8 346.6 536.6 
2018/10/05 12:02 3374.6 78.9 55.8 19.7 0.8 0.0 1015.4 25.9 25.9 346.6 538.0 
2018/10/05 12:03 3382.9 79.1 55.1 19.6 0.7 0.0 1015.4 26.0 26.0 347.3 539.1 
2018/10/05 12:04 3396.4 79.5 54.3 19.6 1.0 0.0 1015.4 26.1 26.0 348.1 539.0 
2018/10/05 12:05 3395.7 79.5 54.8 19.6 0.6 0.0 1015.4 26.2 26.1 348.4 540.5 
2018/10/05 12:06 3367.1 78.9 54.2 19.7 0.9 0.0 1015.4 26.2 26.2 348.3 540.9 
2018/10/05 12:07 3382.9 79.3 54.5 19.6 1.0 0.0 1015.4 26.3 26.2 349.1 540.6 
2018/10/05 12:08 3405.7 79.8 54.5 19.6 1.4 0.0 1015.4 26.3 26.2 349.0 539.7 
2018/10/05 12:09 3431.4 80.3 52.9 19.7 2.7 0.0 1015.4 26.2 26.1 348.6 535.9 
2018/10/05 12:10 3443.6 80.6 52.8 19.6 1.3 0.0 1015.4 26.1 25.9 348.6 533.4 
2018/10/05 12:11 3433.2 80.5 53.2 19.6 0.8 0.0 1015.4 26.1 26.0 348.7 535.8 
2018/10/05 12:12 3415.4 80.1 53.5 19.6 0.7 0.0 1015.4 26.1 26.0 348.4 537.6 
2018/10/05 12:13 3416.1 80.1 53.0 19.7 0.9 0.0 1015.4 26.2 26.1 347.8 538.8 
2018/10/05 12:14 3455.0 81.0 52.4 19.7 0.6 0.0 1015.4 26.3 26.2 348.4 540.6 
2018/10/05 12:15 3482.5 81.6 52.5 19.8 0.7 0.0 1015.4 26.4 26.3 349.2 542.8 
2018/10/05 12:16 3456.1 81.0 52.9 19.8 0.6 0.0 1015.4 26.5 26.4 349.0 544.5 
2018/10/05 12:17 3462.5 81.2 52.9 19.9 1.1 0.0 1015.4 26.5 26.5 349.2 544.8 
2018/10/05 12:18 3482.1 81.6 52.7 19.9 1.1 0.0 1015.4 26.6 26.5 349.5 544.6 
2018/10/05 12:19 3445.7 80.9 52.7 20.0 1.3 0.0 1015.4 26.6 26.5 349.9 542.8 
2018/10/05 12:20 3438.6 80.8 51.1 20.0 1.4 0.0 1015.4 26.6 26.5 348.9 540.6 
2018/10/05 12:21 3433.2 80.7 51.0 19.9 1.3 0.0 1015.4 26.5 26.4 348.8 539.3 
2018/10/05 12:22 3447.5 81.0 51.6 19.9 1.3 0.0 1015.4 26.5 26.4 349.4 540.4 
2018/10/05 12:23 3445.0 80.9 51.4 19.9 1.4 0.0 1015.4 26.5 26.4 349.5 539.5 
2018/10/05 12:24 3455.7 81.2 51.4 19.9 1.0 0.0 1015.1 26.5 26.4 349.3 540.0 
2018/10/05 12:25 3505.0 82.4 51.6 19.9 1.7 0.0 1015.1 26.4 26.4 349.5 540.4 
2018/10/05 12:26 3523.2 82.8 52.1 19.9 1.2 0.0 1015.1 26.4 26.3 350.1 539.5 
2018/10/05 12:27 3515.7 82.6 52.1 20.0 1.4 0.0 1015.1 26.4 26.3 350.2 540.7 
2018/10/05 12:28 3539.6 83.2 51.9 20.1 0.6 0.0 1015.1 26.4 26.4 350.5 544.1 
2018/10/05 12:29 3545.7 83.4 51.0 20.2 1.1 0.0 1015.1 26.5 26.5 349.6 545.9 
2018/10/05 12:30 3535.0 83.2 51.4 20.2 1.5 0.0 1015.1 26.6 26.5 351.0 546.0 
2018/10/05 12:31 3550.4 83.6 51.5 20.1 2.3 0.0 1015.1 26.5 26.4 351.7 542.1 
2018/10/05 12:32 3557.1 83.7 51.7 20.1 2.4 0.0 1015.1 26.4 26.3 351.5 540.4 
2018/10/05 12:33 3533.2 83.2 51.1 20.0 2.4 0.0 1015.1 26.3 26.1 350.6 536.1 
2018/10/05 12:34 3496.8 82.4 51.9 19.9 1.5 0.0 1015.1 26.2 26.1 350.6 537.0 
2018/10/05 12:35 3509.3 82.7 51.2 19.9 2.3 0.0 1015.1 26.1 26.0 350.6 535.5 
2018/10/05 12:36 3562.1 83.8 50.9 19.9 1.4 0.0 1015.1 26.0 25.9 350.2 536.0 
2018/10/05 12:37 3599.6 84.7 51.1 19.9 1.9 0.0 1015.1 26.0 25.9 350.4 537.5 
2018/10/05 12:38 3580.7 84.4 51.1 19.9 1.9 0.0 1015.1 25.9 25.8 350.4 537.7 
2018/10/05 12:39 3604.6 84.9 51.6 19.8 1.0 0.0 1015.1 25.9 25.8 351.0 540.9 
2018/10/05 12:40 3610.7 85.1 51.6 19.9 1.6 0.0 1015.1 25.9 25.8 351.0 541.7 
2018/10/05 12:41 3584.6 84.5 51.7 20.0 2.1 0.0 1015.1 25.9 25.8 351.1 541.4 
2018/10/05 12:42 3580.4 84.4 51.0 20.0 2.5 0.0 1015.1 25.8 25.7 351.0 537.5 
2018/10/05 12:43 3582.5 84.5 51.0 20.1 1.8 0.0 1015.1 25.8 25.7 351.0 538.6 
2018/10/05 12:44 3571.8 84.2 50.3 20.0 2.2 0.0 1015.1 25.7 25.6 350.9 537.7 
2018/10/05 12:45 3546.4 83.6 50.2 20.0 1.6 0.0 1015.1 25.7 25.6 351.1 538.4 
2018/10/05 12:46 3503.6 82.7 49.6 20.1 1.6 0.0 1015.1 25.8 25.7 351.1 540.2 
2018/10/05 12:47 3538.9 83.5 50.1 20.1 2.0 0.0 1015.1 25.8 25.7 351.5 539.6 
2018/10/05 12:48 3514.3 82.9 49.9 20.1 2.4 0.0 1015.1 25.7 25.7 351.0 538.5 
2018/10/05 12:49 3466.1 81.7 49.7 20.1 2.0 0.0 1015.1 25.7 25.6 351.0 534.9 
2018/10/05 12:50 3433.2 80.9 49.8 20.1 2.1 0.0 1015.1 25.7 25.6 350.8 535.3 
2018/10/05 12:51 3477.9 81.9 49.9 20.0 1.4 0.0 1015.1 25.6 25.6 350.8 534.7 
2018/10/05 12:52 3446.1 81.1 50.1 20.1 1.7 0.0 1015.1 25.7 25.6 351.8 535.9 
2018/10/05 12:53 3472.1 81.9 49.9 20.2 1.8 0.0 1014.8 25.7 25.6 351.7 536.2 
2018/10/05 12:54 3485.4 82.2 49.4 20.3 2.1 0.0 1014.8 25.7 25.6 351.2 535.0 
2018/10/05 12:55 3508.2 82.8 49.0 20.2 2.1 0.0 1014.8 25.6 25.6 350.5 532.6 
2018/10/05 12:56 3515.0 83.0 49.6 20.2 1.7 0.0 1014.8 25.7 25.6 351.7 534.5 
2018/10/05 12:57 3455.7 81.4 49.2 20.2 1.3 0.0 1014.8 25.7 25.6 351.1 535.7 
2018/10/05 12:58 3383.6 79.6 49.4 20.3 1.8 0.0 1014.8 25.8 25.7 351.8 537.6 
2018/10/05 12:59 3337.9 78.5 48.8 20.4 2.5 0.0 1014.8 25.8 25.7 351.8 534.7 
2018/10/05 13:00 3304.6 77.6 48.9 20.4 2.7 0.0 1014.8 25.7 25.6 351.4 530.3 
2018/10/05 13:01 3418.9 80.4 48.6 20.6 1.5 0.0 1014.8 25.7 25.6 351.9 532.1 
2018/10/05 13:02 3452.9 81.4 47.9 20.8 0.8 0.0 1014.8 25.8 25.8 351.6 537.5 
2018/10/05 13:03 3420.4 80.7 46.4 20.9 1.8 0.0 1014.8 25.9 25.9 351.1 538.0 
2018/10/05 13:04 3470.7 81.9 46.2 20.9 1.3 0.0 1014.8 26.0 25.9 351.5 536.6 
2018/10/05 13:05 3457.9 81.6 46.3 20.9 1.0 0.0 1014.5 26.1 26.0 351.7 539.3 
2018/10/05 13:06 3470.7 81.9 46.2 21.0 1.6 0.0 1014.5 26.2 26.1 352.0 539.8 
2018/10/05 13:07 3520.7 83.1 46.3 21.0 1.3 0.0 1014.5 26.2 26.2 352.4 541.0 
2018/10/05 13:08 3417.1 80.6 46.4 21.0 1.5 0.0 1014.5 26.3 26.2 353.1 543.2 
2018/10/05 13:09 3327.9 78.4 45.9 21.0 1.8 0.0 1014.5 26.4 26.3 352.5 541.9 
2018/10/05 13:10 3285.4 77.3 46.6 21.0 1.9 0.0 1014.5 26.4 26.3 353.2 539.7 
2018/10/05 13:11 3225.4 75.8 46.5 21.0 2.3 0.0 1014.5 26.4 26.3 352.9 536.4 
2018/10/05 13:12 3399.6 80.2 47.5 20.8 2.3 0.0 1014.5 26.3 26.2 353.7 535.2 
2018/10/05 13:13 3388.2 80.0 46.6 20.7 3.7 0.0 1014.5 26.1 26.0 352.4 529.7 
2018/10/05 13:14 3214.3 75.7 47.3 20.6 3.0 0.0 1014.5 26.0 25.9 352.6 526.7 
2018/10/05 13:15 2893.6 67.8 47.2 20.7 2.4 0.0 1014.5 25.9 25.8 351.6 523.6 
2018/10/05 13:16 2759.6 64.6 47.3 20.7 2.6 0.0 1014.5 25.7 25.6 350.7 518.8 
2018/10/05 13:17 2733.2 64.1 46.5 20.7 2.6 0.0 1014.5 25.6 25.5 349.6 516.6 
2018/10/05 13:18 2687.9 63.0 46.5 20.6 2.4 0.0 1014.5 25.5 25.5 349.4 514.0 
2018/10/05 13:19 2852.9 66.8 47.2 20.5 1.6 0.0 1014.5 25.5 25.4 350.4 514.2 
2018/10/05 13:20 3058.6 71.6 47.2 20.6 1.6 0.0 1014.5 25.5 25.4 351.4 516.9 
2018/10/05 13:21 3177.5 74.5 47.7 20.6 1.7 0.0 1014.5 25.5 25.5 352.1 521.6 
2018/10/05 13:22 3372.1 79.3 47.7 20.7 3.3 0.0 1014.5 25.5 25.4 353.0 520.4 
2018/10/05 13:23 3442.9 80.9 47.5 20.8 2.0 0.0 1014.2 25.5 25.4 354.1 523.6 
2018/10/05 13:24 3560.7 83.7 47.0 20.9 2.0 0.0 1014.2 25.6 25.5 354.9 528.1 
2018/10/05 13:25 3676.8 86.4 46.9 21.0 1.9 0.0 1014.2 25.6 25.6 354.5 531.9 
2018/10/05 13:26 3613.2 84.8 46.2 21.1 1.9 0.0 1014.2 25.7 25.7 354.3 534.3 
2018/10/05 13:27 3575.7 83.9 46.0 21.2 1.6 0.0 1014.2 25.8 25.8 355.0 537.5 
2018/10/05 13:28 3385.0 79.0 46.2 21.3 2.1 0.0 1014.2 26.0 25.9 355.8 539.2 
2018/10/05 13:29 3600.4 84.4 45.0 21.3 2.5 0.0 1014.2 26.0 25.9 355.1 536.0 
2018/10/05 13:30 3650.7 85.7 45.6 21.2 1.9 0.0 1014.2 26.0 26.0 356.2 538.0 
2018/10/05 13:31 3597.9 84.5 45.1 21.3 2.2 0.0 1014.2 26.1 26.1 356.3 539.8 
2018/10/05 13:32 3527.5 82.7 44.6 21.3 2.2 0.0 1014.2 26.2 26.1 356.4 537.6 
2018/10/05 13:33 3555.0 83.4 45.1 21.2 2.2 0.0 1014.2 26.2 26.1 357.1 538.9 
2018/10/05 13:34 3325.7 77.7 44.8 21.3 3.1 0.0 1014.2 26.2 26.1 356.4 535.1 
2018/10/05 13:35 3158.9 73.7 44.6 21.3 3.3 0.0 1014.2 26.1 26.0 355.5 528.5 
2018/10/05 13:36 3547.1 83.2 44.5 21.2 1.1 0.0 1014.2 26.1 26.0 356.5 530.3 
2018/10/05 13:37 3795.7 89.2 44.5 21.3 1.6 0.0 1014.2 26.2 26.1 357.7 539.6 
2018/10/05 13:38 3850.7 90.6 43.8 21.4 2.2 0.0 1014.2 26.3 26.2 357.8 542.2 
2018/10/05 13:39 3776.4 88.8 44.4 21.4 2.7 0.0 1014.2 26.3 26.2 357.8 542.4 
2018/10/05 13:40 3742.1 87.9 44.3 21.4 2.5 0.0 1014.2 26.3 26.2 357.9 541.2 
2018/10/05 13:41 3494.3 81.7 44.4 21.4 2.0 0.0 1014.2 26.3 26.2 356.7 540.1 
2018/10/05 13:42 3856.1 90.8 44.1 21.4 2.3 0.0 1014.2 26.3 26.3 357.2 542.2 
2018/10/05 13:43 3920.7 92.4 42.6 21.5 1.5 0.0 1013.9 26.4 26.4 357.7 545.9 
2018/10/05 13:44 3850.7 90.6 41.2 21.6 0.9 0.0 1013.9 26.6 26.5 357.5 548.8 
2018/10/05 13:45 3591.8 84.3 41.3 21.8 1.1 0.0 1013.9 26.7 26.7 357.5 552.2 
2018/10/05 13:46 3686.4 86.7 41.7 21.7 2.2 0.0 1013.9 26.8 26.7 357.3 549.6 
2018/10/05 13:47 3765.7 88.7 42.8 21.5 1.4 0.0 1013.9 26.8 26.7 358.3 552.3 
2018/10/05 13:48 3756.8 88.5 43.7 21.5 2.7 0.0 1013.9 26.8 26.8 358.4 552.1 
2018/10/05 13:49 3686.8 86.8 44.0 21.4 2.7 0.0 1013.9 26.8 26.7 358.2 546.3 
2018/10/05 13:50 3681.1 86.7 45.1 21.2 2.3 0.0 1013.9 26.7 26.6 358.2 543.3 
2018/10/05 13:51 3727.1 88.0 45.1 21.2 1.9 0.0 1013.9 26.7 26.6 358.2 545.8 
2018/10/05 13:52 3736.4 88.3 43.1 21.3 3.9 0.0 1013.6 26.7 26.6 358.0 540.3 
2018/10/05 13:53 3676.8 86.9 43.0 21.3 2.3 0.0 1013.6 26.6 26.5 357.8 538.0 
2018/10/05 13:54 3646.4 86.3 42.8 21.5 1.5 0.0 1013.6 26.6 26.5 357.7 542.0 
2018/10/05 13:55 3633.9 86.0 40.6 21.6 2.2 0.0 1013.6 26.6 26.6 356.3 543.9 
2018/10/05 13:56 3434.3 80.9 40.9 21.6 1.5 0.0 1013.6 26.7 26.6 356.4 544.6 
2018/10/05 13:57 3328.2 78.5 41.4 21.7 1.5 0.0 1013.6 26.8 26.7 356.0 544.5 
2018/10/05 13:58 3278.9 77.3 41.7 21.7 1.9 0.0 1013.6 26.8 26.7 356.0 541.8 
2018/10/05 13:59 3492.9 82.7 41.8 21.6 2.5 0.0 1013.6 26.8 26.7 356.7 538.7 
2018/10/05 14:00 3506.1 83.0 42.1 21.5 1.8 0.0 1013.6 26.8 26.7 357.1 539.0 
2018/10/05 14:01 3397.9 80.4 42.5 21.5 2.7 0.0 1013.6 26.7 26.7 356.5 537.9 
2018/10/05 14:02 3450.4 81.8 42.8 21.5 2.8 0.0 1013.6 26.7 26.6 357.2 535.0 
2018/10/05 14:03 3666.8 87.3 43.1 21.6 2.6 0.0 1013.6 26.7 26.6 358.6 537.6 
2018/10/05 14:04 3647.1 86.8 42.5 21.6 1.5 0.0 1013.6 26.7 26.6 358.0 540.5 
2018/10/05 14:05 3361.8 79.7 42.6 21.8 2.1 0.0 1013.6 26.8 26.7 357.6 541.8 
2018/10/05 14:06 3003.6 70.8 42.1 21.8 1.5 0.0 1013.6 26.8 26.8 356.1 538.9 
2018/10/05 14:07 2971.4 70.1 41.7 21.9 1.7 0.0 1013.6 26.8 26.8 355.8 534.5 
2018/10/05 14:08 3258.6 77.2 41.9 21.9 2.0 0.0 1013.4 26.9 26.8 357.8 534.0 
2018/10/05 14:09 3216.4 76.2 41.6 21.9 2.0 0.0 1013.4 26.9 26.8 357.7 533.7 
2018/10/05 14:10 3400.0 80.9 41.3 22.0 2.0 0.0 1013.4 26.9 26.9 358.0 535.4 
2018/10/05 14:11 3446.8 82.0 40.6 21.9 2.6 0.0 1013.4 26.9 26.8 357.6 532.7 
2018/10/05 14:12 3381.8 80.2 40.8 21.9 2.9 0.0 1013.4 26.9 26.8 358.2 533.9 
2018/10/05 14:13 3266.4 77.4 41.0 21.8 2.5 0.0 1013.4 26.8 26.7 357.7 531.4 
2018/10/05 14:14 3150.7 74.6 41.4 21.9 1.0 0.0 1013.4 26.8 26.8 357.9 533.9 
2018/10/05 14:15 2901.8 68.7 40.4 22.0 2.4 0.0 1013.4 26.9 26.8 357.0 530.3 
2018/10/05 14:16 2567.5 60.6 40.7 21.9 2.1 0.0 1013.4 26.8 26.7 356.6 523.2 
2018/10/05 14:17 2485.0 58.6 40.5 21.9 2.2 0.0 1013.4 26.7 26.6 355.9 517.8 
2018/10/05 14:18 2438.9 57.5 40.9 21.8 2.6 0.0 1013.4 26.6 26.5 355.9 512.1 
2018/10/05 14:19 2453.6 57.8 40.9 21.7 2.7 0.0 1013.4 26.5 26.4 356.3 508.7 
2018/10/05 14:20 2374.6 55.9 41.1 21.8 1.6 0.0 1013.4 26.4 26.3 355.9 507.5 
2018/10/05 14:21 2377.9 56.0 40.6 21.8 2.0 0.0 1013.4 26.4 26.3 355.8 505.8 
2018/10/05 14:22 2318.6 54.6 40.8 21.7 2.5 0.0 1013.4 26.3 26.2 356.0 503.8 
2018/10/05 14:23 2365.7 55.7 41.1 21.7 1.4 0.0 1013.4 26.2 26.1 355.9 502.9 
2018/10/05 14:24 2344.3 55.3 41.0 21.7 2.1 0.0 1013.4 26.2 26.1 355.8 502.3 
2018/10/05 14:25 2315.4 54.5 41.2 21.6 1.8 0.0 1013.4 26.1 26.0 355.7 501.2 
2018/10/05 14:26 2378.6 56.1 41.1 21.6 1.3 0.0 1013.4 26.1 26.0 356.5 502.4 
2018/10/05 14:27 2420.0 57.1 41.0 21.6 2.0 0.0 1013.4 26.1 26.0 356.8 503.3 
2018/10/05 14:28 2511.1 59.3 39.7 21.6 1.3 0.0 1013.4 26.1 26.0 356.4 504.3 
2018/10/05 14:29 2544.6 60.0 39.5 21.6 1.9 0.0 1013.4 26.1 26.0 357.5 505.5 
2018/10/05 14:30 2398.2 56.4 40.1 21.6 1.8 0.0 1013.4 26.1 26.0 357.4 504.8 
2018/10/05 14:31 2452.1 57.7 40.6 21.7 2.4 0.0 1013.4 26.0 26.0 357.9 504.2 
2018/10/05 14:32 2482.1 58.5 40.2 21.8 1.7 0.0 1013.4 26.1 26.0 358.2 505.0 
2018/10/05 14:33 2432.9 57.3 39.9 21.8 2.7 0.0 1013.4 26.0 26.0 357.3 504.5 
2018/10/05 14:34 2184.6 51.2 40.1 21.7 1.8 0.0 1013.4 26.0 25.9 357.2 501.0 
2018/10/05 14:35 2197.9 51.6 39.9 21.7 1.7 0.0 1013.4 25.9 25.9 356.7 499.7 
2018/10/05 14:36 2235.4 52.5 40.5 21.6 0.8 0.0 1013.4 25.9 25.8 357.6 500.4 
2018/10/05 14:37 2280.7 53.6 40.4 21.7 1.4 0.0 1013.4 25.9 25.9 357.5 501.7 
2018/10/05 14:38 2297.1 54.0 39.9 21.6 0.7 0.0 1013.4 26.0 25.9 357.9 502.9 
2018/10/05 14:39 2085.4 48.9 40.4 21.7 1.9 0.0 1013.1 26.0 26.0 357.6 502.8 
2018/10/05 14:40 2021.1 47.3 40.5 21.7 2.5 0.0 1013.1 26.0 25.9 357.5 498.6 
2018/10/05 14:41 2047.9 48.0 40.7 21.7 3.4 0.0 1013.1 25.9 25.8 357.5 493.9 
2018/10/05 14:42 2046.8 48.0 40.8 21.6 3.4 0.0 1013.1 25.7 25.6 357.0 489.1 
2018/10/05 14:43 2128.6 50.0 40.7 21.6 2.7 0.0 1013.1 25.6 25.5 357.3 488.0 
2018/10/05 14:44 2174.3 51.1 40.5 21.5 3.2 0.0 1013.1 25.5 25.4 357.2 487.0 
2018/10/05 14:45 2074.6 48.7 40.5 21.5 2.8 0.0 1013.1 25.4 25.3 356.7 485.7 
2018/10/05 14:46 2091.4 49.1 40.7 21.5 2.7 0.0 1013.1 25.3 25.2 356.8 484.6 
2018/10/05 14:47 2129.6 50.0 41.0 21.5 1.8 0.0 1013.1 25.3 25.2 357.2 486.0 
2018/10/05 14:48 2055.4 48.3 41.1 21.5 0.9 0.0 1013.1 25.3 25.2 356.7 487.9 
2018/10/05 14:49 2091.4 49.2 40.7 21.6 2.1 0.0 1013.1 25.3 25.3 356.3 489.1 
2018/10/05 14:50 2143.2 50.5 40.8 21.6 0.8 0.0 1013.1 25.4 25.3 357.2 490.5 
2018/10/05 14:51 2186.1 51.5 40.7 21.7 1.4 0.0 1013.1 25.4 25.4 357.0 492.6 
2018/10/05 14:52 2218.9 52.4 40.7 21.8 1.8 0.0 1013.1 25.5 25.4 357.5 493.2 
2018/10/05 14:53 2198.9 51.9 40.4 21.8 3.0 0.0 1013.1 25.5 25.4 356.7 491.9 
2018/10/05 14:54 2282.9 54.0 39.8 21.7 3.2 0.0 1013.1 25.4 25.4 356.3 490.7 
2018/10/05 14:55 2422.5 57.4 40.0 21.7 1.8 0.0 1013.1 25.4 25.4 356.7 492.2 
2018/10/05 14:56 2535.7 60.2 39.5 21.7 2.2 0.0 1013.1 25.4 25.4 356.7 494.0 
2018/10/05 14:57 2782.5 66.3 39.9 21.7 2.5 0.0 1013.1 25.5 25.4 358.1 497.7 
2018/10/05 14:58 2850.4 68.1 39.4 21.6 4.0 0.0 1012.8 25.5 25.4 358.0 498.9 
2018/10/05 14:59 2946.1 70.5 39.6 21.6 3.0 0.0 1013.1 25.4 25.3 358.1 499.3 
2018/10/05 15:00 2943.6 70.6 39.8 21.7 1.3 0.0 1013.1 25.5 25.4 358.8 505.3 
2018/10/05 15:01 2681.1 64.1 39.2 21.8 1.9 0.0 1013.1 25.6 25.5 357.9 507.7 
2018/10/05 15:02 2560.0 61.2 38.8 21.9 1.8 0.0 1013.1 25.7 25.6 358.1 507.2 
2018/10/05 15:03 2467.1 58.8 39.4 21.9 1.5 0.0 1013.1 25.7 25.7 357.6 507.5 
2018/10/05 15:04 2405.4 57.3 38.2 22.0 2.0 0.0 1013.1 25.8 25.7 356.9 504.6 
2018/10/05 15:05 2470.7 59.0 37.9 21.9 1.7 0.0 1013.1 25.8 25.8 356.8 503.4 
2018/10/05 15:06 2370.7 56.6 38.1 22.0 1.3 0.0 1013.1 25.9 25.8 357.4 503.3 
2018/10/05 15:07 2271.4 54.2 37.9 22.0 1.9 0.0 1013.1 25.9 25.9 357.0 501.6 
2018/10/05 15:08 2455.0 58.8 37.7 22.0 2.5 0.0 1013.1 25.9 25.8 357.1 498.7 
2018/10/05 15:09 2530.7 60.7 37.8 21.9 1.8 0.0 1013.1 25.9 25.8 357.8 499.4 
2018/10/05 15:10 2560.7 61.4 37.6 21.9 1.8 0.0 1013.1 25.9 25.8 357.8 500.9 
2018/10/05 15:11 2638.2 63.3 37.8 21.9 2.2 0.0 1013.1 25.9 25.9 358.5 502.6 
2018/10/05 15:12 2648.9 63.5 37.9 21.9 1.4 0.0 1012.8 25.9 25.8 358.5 503.6 
2018/10/05 15:13 2582.1 61.8 37.7 22.0 2.2 0.0 1012.8 25.9 25.9 358.5 505.1 
2018/10/05 15:14 2537.5 60.7 37.8 22.0 2.7 0.0 1012.8 25.9 25.9 358.4 504.0 
2018/10/05 15:15 2621.4 62.9 37.9 22.0 3.1 0.0 1012.8 26.0 25.9 359.6 503.0 
2018/10/05 15:16 2645.7 63.5 37.9 22.0 3.1 0.0 1012.8 25.9 25.9 359.6 503.0 
2018/10/05 15:17 2636.1 63.2 37.7 22.0 4.0 0.0 1012.8 25.9 25.9 359.8 502.8 
2018/10/05 15:18 2440.7 58.2 37.9 22.0 4.0 0.0 1012.8 25.9 25.8 360.0 499.7 
2018/10/05 15:19 2379.3 56.6 37.8 21.9 4.1 0.0 1012.8 25.8 25.7 360.0 497.2 
2018/10/05 15:20 2495.7 59.5 38.3 21.9 2.9 0.0 1012.8 25.7 25.6 360.8 496.9 
2018/10/05 15:21 2699.6 64.6 38.1 22.0 2.0 0.0 1012.8 25.7 25.6 361.5 499.8 
2018/10/05 15:22 2771.1 66.4 37.4 22.1 1.9 0.0 1012.8 25.8 25.7 361.9 504.4 
2018/10/05 15:23 2761.8 66.1 37.7 22.0 1.5 0.0 1012.8 25.9 25.8 362.8 507.4 
2018/10/05 15:24 2702.1 64.6 37.7 22.1 1.9 0.0 1012.8 25.9 25.9 362.6 508.7 
2018/10/05 15:25 2651.1 63.3 37.9 22.1 1.9 0.0 1012.8 26.0 25.9 363.5 508.2 
2018/10/05 15:26 2443.6 58.1 37.5 22.1 2.0 0.0 1012.8 26.0 26.0 362.0 506.4 
2018/10/05 15:27 2247.1 53.2 37.6 22.1 2.3 0.0 1012.8 26.0 26.0 361.6 502.2 
2018/10/05 15:28 2107.9 49.7 37.9 22.0 1.7 0.0 1012.8 26.0 25.9 361.7 499.0 
2018/10/05 15:29 1876.8 43.9 38.0 22.0 0.9 0.0 1012.5 26.0 26.0 362.0 498.6 
2018/10/05 15:30 1889.6 44.3 38.2 22.1 1.4 0.0 1012.5 26.0 26.0 362.3 496.7 
2018/10/05 15:31 2153.6 50.8 38.4 22.2 2.0 0.0 1012.5 26.1 26.0 363.1 496.1 
2018/10/05 15:32 2319.3 55.0 37.9 22.2 2.0 0.0 1012.5 26.1 26.0 362.9 496.2 
2018/10/05 15:33 2424.3 57.6 38.2 22.1 2.1 0.0 1012.5 26.1 26.0 363.3 497.1 
2018/10/05 15:34 2350.7 55.8 38.3 22.3 0.8 0.0 1012.5 26.1 26.1 363.2 500.3 
2018/10/05 15:35 2507.1 59.8 37.7 22.3 1.6 0.0 1012.5 26.2 26.1 362.7 502.3 
2018/10/05 15:36 2549.6 61.0 37.7 22.2 2.1 0.0 1012.5 26.2 26.2 362.4 502.4 
2018/10/05 15:37 2550.0 61.1 37.8 22.1 2.3 0.0 1012.5 26.2 26.1 362.1 501.9 
2018/10/05 15:38 2503.6 59.9 38.3 22.0 2.0 0.0 1012.5 26.2 26.1 362.1 500.0 
2018/10/05 15:39 2477.1 59.3 38.6 22.0 1.6 0.0 1012.5 26.1 26.1 361.8 499.8 
2018/10/05 15:40 2301.4 54.9 38.7 22.0 1.8 0.0 1012.5 26.1 26.1 361.3 500.4 
2018/10/05 15:41 2214.3 52.7 38.8 22.0 1.9 0.0 1012.5 26.1 26.1 361.0 499.3 
2018/10/05 15:42 2098.6 49.7 39.3 22.0 1.0 0.0 1012.5 26.1 26.1 361.2 498.6 
2018/10/05 15:43 2060.7 48.8 39.2 22.1 1.3 0.0 1012.5 26.2 26.1 361.4 498.3 
2018/10/05 15:44 2063.6 48.9 39.3 22.1 1.0 0.0 1012.5 26.2 26.1 361.3 497.2 
2018/10/05 15:45 2090.4 49.6 39.1 22.2 1.1 0.0 1012.5 26.2 26.2 361.3 498.2 
2018/10/05 15:46 2003.6 47.4 38.8 22.3 1.8 0.0 1012.5 26.3 26.2 361.4 496.3 
2018/10/05 15:47 1888.9 44.6 39.5 22.2 1.8 0.0 1012.5 26.2 26.2 361.2 493.3 
2018/10/05 15:48 1939.3 45.8 39.9 22.2 1.3 0.0 1012.5 26.2 26.2 361.5 492.2 
